126 109 126 66 92 98 102 17 83 106 123 57 86 97 96 113 126 47 73 32 46 96 111 25 83 78 125 36 96 80 68 49 55 67 2 84 39 66 84 47 120 61 48 7 105 99 124 92 52 102 97 85 118 94 27 34 97 76 40 3 106 69 64 75
34 58 10 22 77 18 100 15 107 27 125 108 30 52 70 109 115 26 80 6 14 127 116 103 75 54 71 1 43 58 101 55 25 50 84 56 49 12 18 81 1 51 44 117 105 48 56 91 49 86 3 67 11 21 89 103 105 98 3 11 3 115 120 94
6 9 87 14 102 83 121 70 12 54 27 38 17 61 110 74 99 116 99 65 47 109 16 5 104 109 86 46 15 59 40 25 45 49 0 35 29 1 83 68 30 7 93 102 60 65 116 126 76 67 44 51 7 102 88 70 13 28 108 63 84 36 119 112
96 121 40 88 116 122 63 58 109 77 8 78 6 65 94 70 40 119 74 76 76 25 106 123 113 7 13 44 123 1 119 41 78 56 87 63 97 3 17 88 110 87 69 97 50 101 2 18 46 45 57 35 18 91 46 54 119 73 81 62 67 11 26 92
120 75 10 3 45 122 58 59 23 25 27 57 110 123 3 99 78 85 59 118 48 56 87 87 100 4 69 112 56 60 9 66 101 33 69 124 9 79 123 28 66 10 100 3 48 3 23 91 55 34 37 49 87 85 25 17 58 66 45 10 8 117 96 25
99 67 115 65 7 70 99 97 39 82 92 38 5 9 40 105 68 122 87 104 21 89 50 36 44 92 99 83 81 103 127 108 61 104 117 119 119 14 78 23 62 28 117 80 112 110 24 126 15 49 80 127 110 110 84 107 111 90 117 4 21 32 39 1
98 106 82 103 90 103 35 58 38 1 104 52 17 45 22 126 53 89 74 111 0 35 113 83 94 71 39 87 117 83 118 78 29 19 37 1 5 105 81 35 77 25 97 117 93 70 58 29 81 21 16 30 55 80 30 12 90 83 16 92 38 98 7 106
37 14 113 0 96 2 102 37 47 62 61 14 61 124 105 81 37 94 19 58 6 100 90 71 77 113 78 70 96 51 97 3 0 104 126 126 77 94 37 113 52 83 2 98 109 96 14 2 91 90 110 110 32 82 55 121 32 30 3 95 105 91 119 79
112 106 91 78 111 21 30 59 84 31 70 96 7 77 61 120 88 95 27 65 16 90 1 7 37 19 127 112 63 100 120 20 89 30 83 69 113 14 56 0 89 28 65 21 60 123 28 8 40 20 54 120 95 95 110 107 39 25 47 125 76 2 95 32
96 41 105 76 42 69 3 101 63 69 50 66 90 103 83 17 19 29 73 51 22 46 2 115 49 121 125 8 112 18 35 39 26 105 91 106 114 71 105 111 71 81 122 20 109 12 26 110 123 61 39 52 79 39 126 8 26 126 80 2 55 52 3 39
51 55 64 77 71 70 29 24 38 79 74 24 32 62 124 53 115 50 111 84 51 51 73 55 113 72 0 97 30 20 23 18 60 111 59 123 84 24 19 116 25 126 6 66 103 55 111 71 116 93 10 71 120 100 16 71 46 43 63 29 42 106 15 118
3 84 49 33 125 103 34 63 12 106 26 71 40 41 28 125 15 106 52 45 68 36 103 103 105 59 73 14 20 33 85 85 8 25 76 117 17 0 22 32 46 94 121 20 86 79 60 26 100 62 101 51 63 13 100 46 6 75 27 2 21 114 84 62
28 19 66 90 84 104 32 93 47 102 40 122 8 47 101 86 53 22 64 20 31 108 25 32 59 8 80 69 45 6 127 6 120 120 100 68 32 113 9 80 103 27 46 45 21 20 125 110 55 31 31 114 35 30 69 53 20 34 77 22 125 41 125 23
93 73 68 126 124 122 41 29 70 5 71 51 89 122 81 99 25 99 40 67 53 59 76 54 23 118 94 126 85 39 81 63 33 86 38 110 100 121 110 0 122 105 19 110 24 5 115 93 83 72 119 111 112 81 103 2 35 69 107 37 64 82 37 27
46 72 46 126 9 87 89 71 4 12 85 33 24 22 104 111 84 2 7 45 113 61 38 50 102 21 44 74 22 48 79 115 123 50 27 98 105 28 58 119 101 69 112 77 92 112 125 27 73 109 46 3 87 1 109 63 122 28 88 94 46 114 109 14
37 96 113 48 71 39 15 101 107 104 33 126 5 102 103 112 86 52 113 20 98 110 28 98 1 96 25 43 95 17 97 29 107 22 47 54 83 109 126 121 22 39 63 71 13 123 86 109 77 1 121 3 87 114 99 8 15 95 31 26 14 112 67 99
121 24 14 123 11 70 99 23 69 111 40 59 108 30 20 59 74 79 77 88 13 101 81 13 23 114 71 108 24 97 108 107 27 87 17 56 97 41 66 11 35 68 82 75 90 16 42 91 39 21 63 9 104 5 16 75 62 69 106 85 49 79 67 24
32 120 0 78 127 16 42 57 18 53 113 82 83 0 86 15 23 83 78 63 57 23 57 100 63 40 32 95 57 124 55 94 14 64 112 11 34 36 111 29 89 10 59 31 1 9 123 45 21 72 117 54 120 58 29 52 88 20 81 19 114 103 79 112
38 34 28 109 55 93 115 54 52 47 66 54 31 57 77 89 68 27 71 108 111 96 99 59 12 83 17 50 49 83 42 96 84 45 23 91 4 29 42 52 23 102 13 99 35 25 118 12 103 20 89 97 39 77 84 42 58 48 46 113 18 11 35 121
93 107 32 107 126 86 61 40 76 91 91 18 100 30 49 41 102 16 91 67 5 59 18 57 86 39 123 44 41 69 23 21 52 84 77 23 24 16 122 114 126 109 34 80 55 27 65 33 64 110 127 2 58 55 21 41 3 78 99 102 117 11 36 111
40 57 62 70 94 4 90 88 16 27 118 26 52 25 48 92 59 26 80 124 37 79 8 31 0 8 49 70 107 36 103 114 108 123 126 5 36 125 38 3 48 36 73 9 112 98 7 22 112 115 70 116 62 65 37 19 30 29 47 88 9 59 80 8
106 57 31 87 15 109 11 34 116 106 46 109 16 28 56 35 98 67 6 18 110 27 104 85 20 4 108 48 126 95 123 0 63 83 27 120 43 117 47 100 123 11 17 116 44 50 113 4 30 65 44 58 72 1 81 55 34 43 24 15 57 40 43 109
19 58 67 116 31 115 83 63 38 14 17 70 66 71 28 71 0 106 117 84 102 44 65 33 20 47 32 119 102 56 39 70 14 72 29 43 114 54 123 116 16 101 104 38 47 84 2 36 124 16 80 117 74 73 64 73 24 15 54 58 101 117 31 62
51 24 12 106 79 113 104 83 27 59 7 120 30 117 91 92 105 61 33 100 41 123 83 68 90 100 36 30 32 111 95 80 42 22 111 44 40 100 122 120 80 111 17 13 123 15 124 23 102 66 12 38 20 60 18 79 27 68 7 14 117 72 17 19
99 44 58 107 25 65 37 5 2 20 86 89 48 121 21 83 44 29 123 31 111 1 47 103 38 101 29 31 26 11 45 86 78 59 98 104 49 106 66 78 68 91 39 9 45 85 2 49 38 101 99 43 65 53 56 88 37 29 125 69 78 20 57 83
12 74 67 52 33 77 58 57 37 121 11 77 55 127 13 88 18 123 120 81 118 122 112 75 127 66 100 53 72 92 27 116 85 0 11 67 87 62 60 2 122 5 0 80 2 50 2 119 8 17 96 106 25 119 21 123 120 64 82 69 25 84 61 68
81 127 108 14 19 47 126 117 27 56 36 50 72 89 19 106 6 50 57 8 32 85 64 7 49 118 97 47 62 102 124 88 96 72 119 107 107 112 80 120 74 82 85 8 9 88 20 74 19 11 102 49 78 5 16 56 68 78 95 123 111 50 66 2
78 47 95 71 5 4 110 15 109 52 16 38 4 87 90 24 20 109 7 45 33 78 34 25 99 97 34 118 52 14 66 40 8 35 51 106 119 57 89 9 29 105 124 99 57 80 88 74 58 119 110 30 75 24 89 38 55 76 29 2 117 30 127 84
45 34 119 92 12 29 69 10 10 67 113 21 97 93 68 30 91 30 86 2 34 84 59 84 9 122 75 26 100 11 86 85 86 86 14 25 117 27 12 98 100 43 37 3 77 46 100 7 97 65 7 120 88 125 90 74 58 58 16 121 29 50 101 56
119 119 9 33 121 14 118 85 127 24 13 24 108 52 16 106 65 92 84 47 1 124 62 51 95 71 99 52 90 123 26 56 105 22 60 11 69 42 23 100 56 24 19 46 44 100 5 118 84 30 96 111 80 121 32 112 65 116 103 96 1 44 13 2
89 121 87 124 11 50 72 3 4 52 68 75 44 10 91 125 26 117 85 2 20 10 27 28 80 73 78 112 127 43 28 67 102 23 108 23 13 119 25 74 2 10 46 109 49 5 51 32 112 16 39 17 43 110 3 99 111 102 112 56 78 48 40 89
32 63 27 93 51 45 91 108 59 39 97 9 53 102 48 78 43 115 93 125 27 38 89 25 107 0 85 86 88 7 33 124 115 14 65 11 57 17 58 60 6 41 90 65 98 45 58 47 118 76 67 91 22 114 17 20 102 124 13 76 111 49 83 76
