-120 0 0 0 0 0 0 0 0 0 0 0 0 0 0 0 0 0 0 0 0 0 0 0 0 0 0 0 0 0 0 0
15 4 0 0 0 0 0 0 0 0 0 0 0 0 0 0 0 0 0 0 0 0 0 0 0 0 0 0 0 0 0 0
-36 124 -58 0 0 0 0 0 0 0 0 0 0 0 0 0 0 0 0 0 0 0 0 0 0 0 0 0 0 0 0 0
123 89 -108 -104 0 0 0 0 0 0 0 0 0 0 0 0 0 0 0 0 0 0 0 0 0 0 0 0 0 0 0 0
-89 -32 123 -14 -4 0 0 0 0 0 0 0 0 0 0 0 0 0 0 0 0 0 0 0 0 0 0 0 0 0 0 0
45 -2 10 61 58 114 0 0 0 0 0 0 0 0 0 0 0 0 0 0 0 0 0 0 0 0 0 0 0 0 0 0
85 48 -65 103 80 28 -104 0 0 0 0 0 0 0 0 0 0 0 0 0 0 0 0 0 0 0 0 0 0 0 0 0
-81 -61 -9 27 -51 -116 -26 49 0 0 0 0 0 0 0 0 0 0 0 0 0 0 0 0 0 0 0 0 0 0 0 0
-18 26 -78 115 -15 2 85 -101 -108 0 0 0 0 0 0 0 0 0 0 0 0 0 0 0 0 0 0 0 0 0 0 0
-96 -31 -87 89 -27 -38 -105 109 -127 13 0 0 0 0 0 0 0 0 0 0 0 0 0 0 0 0 0 0 0 0 0 0
-93 125 34 -19 3 -9 -45 104 -6 12 -10 0 0 0 0 0 0 0 0 0 0 0 0 0 0 0 0 0 0 0 0 0
41 21 102 6 -6 -53 -87 -114 3 22 -69 -30 0 0 0 0 0 0 0 0 0 0 0 0 0 0 0 0 0 0 0 0
54 -14 59 67 54 -47 -25 63 55 -43 19 -5 -56 0 0 0 0 0 0 0 0 0 0 0 0 0 0 0 0 0 0 0
-40 -89 52 -24 -7 -125 13 -18 -126 -12 74 -116 103 58 0 0 0 0 0 0 0 0 0 0 0 0 0 0 0 0 0 0
42 123 -40 -47 52 17 98 18 112 -8 -88 3 76 91 34 0 0 0 0 0 0 0 0 0 0 0 0 0 0 0 0 0
-32 14 -104 -88 85 12 -85 -117 76 37 -69 106 -49 -16 -28 -81 0 0 0 0 0 0 0 0 0 0 0 0 0 0 0 0
-123 79 -78 -31 -13 -2 86 84 -107 -42 122 -91 -70 -65 -78 -2 -123 0 0 0 0 0 0 0 0 0 0 0 0 0 0 0
-85 16 30 -111 18 98 85 69 -97 103 -91 85 -84 -97 -54 23 -33 16 0 0 0 0 0 0 0 0 0 0 0 0 0 0
82 -8 91 27 -58 -24 -25 -21 -63 -119 60 -83 -19 -86 7 -81 124 24 80 0 0 0 0 0 0 0 0 0 0 0 0 0
-68 -88 -105 -105 -14 -123 -107 -48 -87 41 -4 -22 11 -16 106 127 73 106 96 78 0 0 0 0 0 0 0 0 0 0 0 0
-99 55 -94 56 -32 -120 -45 86 65 -68 49 61 -66 -16 -50 125 -31 53 99 -44 27 0 0 0 0 0 0 0 0 0 0 0
69 -87 -118 11 27 -34 -101 -26 83 -106 51 28 -1 -104 13 103 83 -55 -112 9 23 42 0 0 0 0 0 0 0 0 0 0
-39 -61 54 36 78 4 -122 -49 43 -62 14 -75 -125 87 47 -73 -22 -21 -62 88 85 113 60 0 0 0 0 0 0 0 0 0
-116 106 -88 -81 73 116 -59 -66 70 -52 81 99 99 -32 32 -62 -28 95 44 58 84 -111 -125 -22 0 0 0 0 0 0 0 0
75 -71 91 77 16 -2 -112 76 7 49 64 104 -114 98 -67 -40 -73 -39 40 81 -4 30 -126 16 31 0 0 0 0 0 0 0
-78 -92 126 -110 -68 -60 1 -21 -49 79 -5 35 -13 -9 -5 -14 9 -92 -72 27 -63 100 -115 -91 -81 14 0 0 0 0 0 0
-45 70 72 39 -61 -69 -74 -63 19 33 62 -77 -113 -73 -14 -8 -26 -34 30 -109 81 -64 -2 65 61 -62 -33 0 0 0 0 0
95 -114 38 92 70 -30 -67 44 -55 -119 90 118 33 -72 63 118 3 12 -107 -68 1 -40 -124 71 68 -53 -91 -9 0 0 0 0
47 -106 102 32 -71 -65 13 82 64 -101 -99 71 -110 85 127 68 59 20 -74 -12 59 -50 35 123 -59 60 85 85 78 0 0 0
56 -46 -25 -62 -43 102 39 31 50 111 31 127 -40 -87 -11 -28 -54 67 -15 -122 23 -101 2 59 124 86 7 69 3 88 0 0
-110 68 -35 -66 0 26 114 -104 78 -99 -74 -61 73 -44 -82 24 86 -85 70 -11 -92 -100 -121 5 119 37 -30 56 34 -67 -29 0
26 -117 5 61 -28 109 -108 65 -8 -29 -104 94 -85 123 -23 -49 -105 77 14 123 -106 -10 -18 -127 -15 -109 -98 80 -78 114 -3 -12
-118 80 32 -83 117 -76 -53 -93 -36 -124 -13 82 -117 83 2 124 3 104 110 -50 -83 88 -43 70 40 -121 98 46 78 100 122 12
-122 32 -24 -73 -116 -45 -108 -35 -16 -123 68 112 51 -127 -95 40 -39 118 78 78 26 119 -85 -77 61 87 27 3 30 60 85 101
121 125 -52 31 74 -111 -55 108 -27 76 13 40 -14 -47 -11 6 -72 20 51 103 -58 -117 -53 49 -38 20 -57 31 -9 58 73 -98
9 -91 76 -1 -37 17 -24 9 -90 113 100 -20 4 29 -24 125 -102 121 122 -121 -104 -117 -39 101 29 -125 -113 17 105 -110 29 -122
-31 54 70 -38 -62 0 -114 -79 20 15 -3 110 -59 81 15 32 47 -18 -121 81 107 -66 30 95 91 -52 -82 -78 125 80 -33 -18
-56 -117 -103 39 -7 -123 105 81 38 -54 -127 110 -33 18 86 -98 -75 -36 -14 -71 -37 98 -87 -9 31 93 35 -74 -71 92 57 -113
68 -38 37 -55 -11 -37 121 -75 -58 -75 42 57 -80 3 33 -37 -115 -28 -56 43 -92 100 -33 -97 -61 31 -117 87 -62 116 -108 88
-115 18 43 23 -104 61 -113 -32 -75 68 27 28 1 -22 72 66 73 44 -58 74 52 85 -93 -127 124 -119 -85 -62 78 107 119 -97
-82 69 -57 -105 94 15 8 75 -37 22 -4 50 56 -124 0 -19 -105 25 -116 -3 -122 114 -105 -80 -58 -21 15 -28 -68 -71 9 -37
-53 -122 43 16 -56 -45 -105 75 -38 78 -65 -73 -40 125 -9 -36 84 -125 36 86 -106 103 -104 -28 -55 -64 -125 -121 122 76 31 -90
40 83 0 2 82 -127 -59 18 87 -57 -53 -54 -16 101 -41 50 -107 -45 -47 123 -122 16 -36 20 -33 -35 -98 -17 4 -39 -71 -8
53 -115 -127 -69 91 -95 83 -14 -34 17 38 -36 87 -63 -52 -110 115 89 -58 30 -86 -121 -27 53 52 28 17 -61 -43 -96 31 -64
56 -80 -44 -127 18 103 92 -60 -113 -119 -100 88 60 69 43 83 73 -98 77 67 63 -66 -98 74 102 -76 -1 -10 -50 -108 -116 -41
50 71 123 47 19 65 -77 -8 -76 127 -9 107 -37 -32 -79 116 16 -45 -111 -44 114 95 -26 32 42 -113 42 -48 7 -77 28 89
-29 -104 119 -5 -87 -66 -125 110 36 -81 90 -6 -65 87 83 -27 46 51 26 7 -89 -33 73 -90 102 -100 108 54 -39 -80 -123 37
-19 -78 10 67 85 94 -52 67 66 -110 -37 -29 127 -41 3 13 10 100 -90 33 108 -65 -34 -54 93 1 107 127 -51 36 -51 -11
-29 89 99 -16 40 -113 49 97 -107 81 27 -51 64 -36 17 -81 81 77 107 87 -67 121 -30 -23 -55 58 100 72 90 64 -119 127
12 -11 -105 -18 126 54 -124 -7 -102 2 87 -41 -110 125 -38 69 0 -35 57 124 98 -64 -101 39 50 30 4 -37 91 -89 -46 67
77 55 -71 -9 35 -17 92 27 -18 -24 -25 75 98 69 -70 11 74 -110 -69 54 -99 -9 -21 41 45 -8 84 82 114 -27 -76 29
3 6 -57 -105 -18 47 30 32 -28 29 13 -55 122 11 44 45 47 18 12 46 -31 53 98 -75 23 -120 73 118 15 103 -22 -81
118 -9 -69 -78 -81 -10 44 122 -4 94 -65 -43 11 54 -5 -80 120 91 59 49 83 101 49 11 105 48 83 -98 114 91 -79 -85
121 -95 -11 119 123 89 34 -47 87 -18 11 -96 -70 -88 -29 -91 18 98 -116 -76 4 -103 70 61 -114 -59 30 -68 68 -18 99 44
92 88 -13 33 -98 2 36 -113 54 39 40 -20 33 112 11 88 43 21 117 -99 87 -110 112 -84 -27 25 -58 62 -59 127 117 -12
-66 -10 127 -1 -22 102 85 77 -71 -55 60 4 25 6 1 14 46 70 -63 123 54 -36 -107 56 99 95 -10 68 -4 -25 82 -1
-5 97 -50 1 -50 106 -49 100 121 116 -117 -43 -25 115 116 48 -22 80 -106 -107 16 107 -15 -41 -47 121 64 -124 -103 65 -9 60
-34 -35 -91 45 -74 12 -84 88 -90 -77 43 -25 -2 -113 0 -49 76 -33 -57 98 -101 -74 39 106 79 -18 -79 59 -91 -51 26 -104
64 -100 114 122 -62 89 -19 -126 75 -64 92 112 -116 -71 -83 58 4 -4 1 -117 33 32 80 -118 21 -41 116 -30 -84 123 -100 -20
34 65 -41 13 124 29 58 -46 -106 91 118 49 3 -104 -127 83 30 -33 50 -87 60 -20 -7 -17 102 -20 89 78 20 -119 -86 71
-123 31 -67 13 -100 -1 84 110 -93 105 -32 -21 74 -50 27 104 69 -93 -77 96 -107 36 -33 119 35 -28 76 -114 20 -126 42 -6
7 -73 39 -27 89 69 57 -26 11 9 -60 97 -119 -7 20 -106 -54 -34 92 15 -21 -46 119 98 -5 -114 85 66 -75 -91 24 110
113 -113 26 -111 76 -21 -111 17 -19 -59 26 40 -96 112 51 121 6 -99 111 94 97 -111 -109 -120 105 -7 -74 107 -75 -61 123 -46
-95 33 -80 -72 49 52 18 36 112 6 -50 -116 -25 116 91 77 -16 -59 31 -20 -115 -81 112 -16 27 11 20 -36 -122 39 23 -97
0 37 -27 103 96 0 109 -36 20 -6 -116 -46 -53 -35 -116 75 -20 57 -32 94 -124 -11 -44 -39 -72 44 -96 122 98 85 -7 15
0 0 -54 -66 104 57 47 -26 99 68 105 111 -43 69 119 -2 -39 -61 125 -67 -25 47 44 -31 -21 44 -101 -3 46 105 49 24
0 0 0 -9 97 94 49 49 -59 125 122 113 16 54 8 94 39 -101 19 -79 -71 75 -97 -103 18 99 106 -82 74 65 44 105
0 0 0 0 113 112 -41 14 122 -17 -62 28 -113 46 61 97 -17 21 91 -74 26 51 -85 92 -122 125 -17 -56 71 6 -108 81
0 0 0 0 0 51 -67 -37 13 -8 -40 -59 -10 -109 -126 101 105 -114 121 5 -46 44 9 50 51 -32 -89 -13 -123 47 84 30
0 0 0 0 0 0 -60 87 -51 -104 36 -107 122 54 77 -88 112 77 66 25 81 107 37 -97 -106 23 -54 -54 37 -71 -14 -101
0 0 0 0 0 0 0 21 -73 -36 -46 -27 65 48 62 50 -123 -18 73 -112 -8 24 -14 -5 80 114 -17 -29 3 0 -64 3
0 0 0 0 0 0 0 0 78 92 122 0 -11 24 -110 -112 -105 47 -79 -86 -52 87 2 38 -60 -3 -5 -99 103 98 26 -83
0 0 0 0 0 0 0 0 0 -48 -111 -37 13 9 -44 112 -75 108 20 55 36 -71 94 -89 110 104 37 25 94 51 -103 -52
0 0 0 0 0 0 0 0 0 0 -79 76 -98 111 36 -64 44 103 -40 63 -65 120 105 18 91 -69 59 -45 25 -65 20 92
0 0 0 0 0 0 0 0 0 0 0 9 58 2 118 107 57 -91 94 -104 -116 69 -55 -89 55 -45 126 -18 24 64 43 16
0 0 0 0 0 0 0 0 0 0 0 0 41 0 -34 47 -57 -48 -5 -98 -101 112 78 -69 107 90 -17 121 52 12 116 -6
0 0 0 0 0 0 0 0 0 0 0 0 0 -87 -55 67 56 66 76 -69 84 -105 124 126 -18 -90 84 85 20 -77 -23 -103
0 0 0 0 0 0 0 0 0 0 0 0 0 0 111 9 -73 32 -62 -38 -20 -96 -52 16 -93 26 -18 -87 -77 13 -18 -117
0 0 0 0 0 0 0 0 0 0 0 0 0 0 0 -62 -53 22 -88 -9 -122 -9 126 11 -98 73 48 -4 -29 -121 -126 -74
0 0 0 0 0 0 0 0 0 0 0 0 0 0 0 0 -97 -98 -35 -104 85 -6 119 46 -56 -108 11 43 -97 47 -114 125
0 0 0 0 0 0 0 0 0 0 0 0 0 0 0 0 0 97 -110 -114 -15 105 -109 -79 26 -104 -43 4 -9 -19 13 -11
0 0 0 0 0 0 0 0 0 0 0 0 0 0 0 0 0 0 48 48 109 18 -52 -60 -70 3 126 -58 -56 63 105 -86
0 0 0 0 0 0 0 0 0 0 0 0 0 0 0 0 0 0 0 63 81 15 -114 12 116 -30 -30 -23 9 -77 -44 -32
0 0 0 0 0 0 0 0 0 0 0 0 0 0 0 0 0 0 0 0 -74 82 50 -96 -86 5 -117 -118 -118 3 -27 92
0 0 0 0 0 0 0 0 0 0 0 0 0 0 0 0 0 0 0 0 0 50 122 -114 -38 4 -21 35 37 88 20 64
0 0 0 0 0 0 0 0 0 0 0 0 0 0 0 0 0 0 0 0 0 0 -27 -17 -15 -59 36 26 89 123 -53 112
0 0 0 0 0 0 0 0 0 0 0 0 0 0 0 0 0 0 0 0 0 0 0 -1 -27 34 66 122 -24 -99 -47 -95
0 0 0 0 0 0 0 0 0 0 0 0 0 0 0 0 0 0 0 0 0 0 0 0 -51 14 112 -32 116 -33 -8 44
0 0 0 0 0 0 0 0 0 0 0 0 0 0 0 0 0 0 0 0 0 0 0 0 0 25 79 3 -126 55 -110 110
0 0 0 0 0 0 0 0 0 0 0 0 0 0 0 0 0 0 0 0 0 0 0 0 0 0 66 65 -84 -65 -4 -119
0 0 0 0 0 0 0 0 0 0 0 0 0 0 0 0 0 0 0 0 0 0 0 0 0 0 0 -30 -120 -111 60 39
0 0 0 0 0 0 0 0 0 0 0 0 0 0 0 0 0 0 0 0 0 0 0 0 0 0 0 0 -33 11 48 -23
0 0 0 0 0 0 0 0 0 0 0 0 0 0 0 0 0 0 0 0 0 0 0 0 0 0 0 0 0 -88 47 -93
0 0 0 0 0 0 0 0 0 0 0 0 0 0 0 0 0 0 0 0 0 0 0 0 0 0 0 0 0 0 -86 -36
0 0 0 0 0 0 0 0 0 0 0 0 0 0 0 0 0 0 0 0 0 0 0 0 0 0 0 0 0 0 0 53
0 0 0 0 0 0 0 0 0 0 0 0 0 0 0 0 0 0 0 0 0 0 0 0 0 0 0 0 0 0 0 0
