-49537 913 -2980 -35753 43063 25395 -97021 49756 -54961 -21462 26012 66877 -85287 16101 12810 78889 -7922 50532 43334 -5779 -56077 24055 -82907 -39267 89884 -21741 27270 -20086 -14722 10047 -23219 -59310
-29255 -15995 9972 -7271 74490 8517 -67799 11702 -8313 20625 42320 107508 -41749 12700 3441 73025 -65800 45740 38882 -4253 -65412 8927 -378 -63371 35835 -41478 24044 -11989 18793 -8498 -25681 -27295
-12372 6995 -37120 1090 53009 21554 -57483 43911 10715 -13262 -6610 83539 -39003 -17803 24594 102789 -22145 19524 8277 23949 -43143 55978 -46254 -31586 28164 -43985 59845 -8962 14306 -19875 -19434 -25709
-52574 -22097 -11993 -4543 76037 3002 -98219 78930 -42810 -10817 16922 32468 -21445 35592 35006 83966 2611 19816 53727 67323 -66345 8501 -70409 -22916 46905 2627 13589 45977 35018 16123 -10551 9846
-4424 -11032 -63648 -18556 2378 29157 -64513 15656 -54564 -49373 -15769 41557 -34922 18028 14678 79954 -19009 22437 -9042 5009 -8367 63230 -47629 3097 90253 6949 19705 50749 3022 7595 -21897 -21932
128 -8642 -17375 29755 35460 15368 -85986 50410 -74779 34789 14678 39789 -28429 44973 -29822 91455 20949 59383 70478 16040 -38935 13815 -51610 -40954 75585 -41812 34180 -18770 -29881 42347 5070 12705
-29741 -30259 9449 -8288 55724 -3166 -66488 38064 -28883 -32537 11678 -2076 -40528 34145 11363 62178 -20405 36491 14605 42824 -54316 54159 -92842 -22038 35724 12126 4852 35625 32969 33436 -18056 22715
-39762 3787 -6883 -24099 75362 13516 -103647 101884 17378 -29538 54168 116109 -69486 25493 16784 125712 -1302 22390 30523 12974 -41644 11264 -32201 -34430 59820 -51753 89642 10437 -21700 35376 11735 6467
-9533 -29663 -24565 -30607 49122 2440 -74407 52308 -47009 23492 -13900 37332 -38684 -6891 -7422 94439 -16038 42771 32252 20781 -31085 53086 -67515 -7423 5216 -51517 38315 37345 -23146 31303 17320 -14221
-42741 -18034 -30678 -13085 47070 35261 -50880 29435 -51535 -36228 28208 46999 -7011 55872 13634 47384 49061 28546 45918 -6723 -45728 -3070 -47931 -35027 100860 -28503 396 -1483 28228 49156 -6960 31880
-43646 20267 -18076 -30018 50427 19274 -92642 67021 -38957 -54876 39097 62890 -69371 8054 32258 100504 29340 23913 15285 -13589 -24944 47773 -56038 -65750 59841 -24433 50765 10959 4310 19648 -21437 544
-21409 -10769 -37885 20846 29466 48035 -61055 41425 -24308 -29814 -17444 48884 -34473 19832 -3770 100328 -23910 16335 21100 41103 -62693 55926 -44718 -32975 76902 11616 37887 34053 -4255 10413 25940 4828
-48515 -27533 -2058 -28801 38872 7057 -76679 52177 -60054 -17298 -50287 48322 -37472 -9552 51470 60499 15575 3587 -10610 -37005 -66986 3013 -50594 -17176 59185 -43128 76892 39180 -34114 -9307 19747 -39853
-14983 -27281 -51096 -40320 26273 -9150 -116760 29427 -87708 -12838 -4051 48954 -79028 29908 12859 81666 42189 15774 51579 42889 -77743 48449 -72910 -28399 104837 -14751 32817 27643 7273 27416 -12375 -32272
-5779 -42656 -10371 -25921 43473 8742 -55599 80384 -35934 12471 25961 6698 -44474 7798 -16137 69208 10349 45856 18720 19463 -15679 51659 -16792 -55460 68432 -31051 43113 23526 6727 6976 510 -44650
-38031 -18335 -26307 -6689 73219 -37979 -71531 37368 -12064 675 -6899 44725 3918 34183 -5791 64716 32984 48742 8991 20801 -55709 46251 -39762 -23426 39232 -6085 19044 39217 61101 10668 4586 2559
-6951 -16342 -32463 -16459 30222 13585 -101390 32854 -63827 -7990 34285 52254 -51714 38635 -15795 67485 7620 60097 17839 43200 -15095 44222 -72845 -15608 84232 10549 25609 -21854 2670 54060 -26773 -35774
-2336 -44971 -28164 -15931 50647 45796 -54041 10226 -37944 -55425 -20768 65179 -75607 44651 23022 50185 12665 43413 -2938 7440 -33677 80856 -56379 -29803 40855 -1889 46394 -3870 -54618 23359 -32307 -52835
-20743 24922 -26815 -25536 8598 -20564 -87542 36354 17816 -24753 -12292 67114 -49899 11854 11310 60167 -2545 38023 -11068 45537 -65309 45178 -30020 -16243 85051 -38134 47057 19246 22111 24959 -26683 -25265
-38291 -5649 -25338 -36211 71435 39119 -71642 60951 -23536 -45129 -1888 64673 -64984 44464 11792 73577 6151 30284 12382 9702 -30848 51392 -80941 -27242 43866 1207 5702 -3553 -13840 28287 -28495 -80977
-4679 -18068 -32896 -24293 41825 1097 -32924 48384 -26093 -14486 -5370 36400 -62562 32394 -18734 82176 7062 4618 30071 4440 -33925 53299 -55469 10276 74753 -34656 44849 52645 -40391 -11969 -18708 -20137
-81984 -36989 39600 -56123 64330 -18416 -105931 48445 -69470 -10340 7020 43049 -57124 8769 24079 17644 2293 31035 14652 11265 -89326 16182 -64096 -49034 65137 -42087 33918 18439 -18468 28697 -37086 -17746
8383 -24325 -67450 8744 65385 18508 -83672 67098 -20404 -29942 23444 47681 -18557 46730 4046 109284 32026 45392 -3237 37014 -41662 47939 -82121 -11558 100588 -14198 30947 27243 1643 33068 -12243 -3466
-50393 1892 -17801 -20357 35247 -13729 -66251 47440 3211 -79915 34046 58177 -67257 5833 32049 93533 17022 40773 -17293 10332 -45254 20614 -53640 12896 91196 -29398 40530 17462 28074 -6718 -6117 -38480
-34458 17312 -30783 -35578 63020 30317 -53985 68333 -30410 -27261 16815 52615 -38355 43876 17237 71126 21547 55510 9773 16247 -54145 44858 -68065 -15135 84419 2350 39781 36420 -11170 23992 -6963 -36334
-15750 2005 -28339 25162 36701 8751 -89453 33808 -34517 -16460 7639 81555 -27014 36961 13331 103082 -36352 43478 3643 21600 -75798 20068 -48265 3251 58060 -24002 63930 26912 13717 13338 1413 -47421
-37343 -9008 -44555 -34880 42996 5637 -77875 50989 -20417 16763 4544 37348 5698 67587 -2675 96263 23444 75981 19599 -6168 815 3595 -36444 -16838 70409 -19634 48205 20401 11333 40827 16898 -13111
10157 -44382 -46441 -12143 56319 -724 -59357 79471 -56198 4096 21428 41832 -32464 29478 7583 60448 18156 -1435 44405 39972 9917 33321 -24880 -55734 57311 -15893 52993 18690 21879 25284 -2568 4832
-39586 -7800 27261 -28391 58457 45680 -79515 66507 -18869 622 36217 76970 -39002 14568 15708 73766 30265 50330 15142 6158 -50213 12281 -28159 -35470 68660 -44771 37306 -11334 -22461 20038 -4546 1872
-7149 -13139 -57308 768 25544 18309 -58181 -6597 2804 26963 26786 88286 -38470 38185 -8489 129530 -35575 26387 49038 -2102 -32357 48182 -21917 -17992 30826 -9233 21730 20631 38976 26813 -38342 -49927
2829 -12004 5298 -2831 43605 17342 -53234 55648 -10102 -9627 13668 37890 -15826 51598 29157 56251 31430 56744 27626 -617 -44641 35884 -59300 -21948 47719 -38088 27929 30411 -14596 4853 -39768 16540
-13330 -20055 -32804 -1206 50133 40833 -36102 63147 2932 -5952 950 52246 -32123 32270 14276 92877 -18607 5410 8550 -147 -22455 44885 -32299 -22891 61454 -26519 14735 23402 20641 -11332 -12560 -4097
