3.179826 0.570130 -10.628499 5.317646 -6.229181 -5.267712 -1.633390 0.864853 -5.851081 -5.285251 -3.327674 -10.804824 -3.365155 4.246391 -2.043571 2.613381 1.522914 -4.343051 5.281504 -3.689564 -1.591037 -1.525269 -8.675250 -5.088720 -11.096783 -1.233027 -13.060431 -0.564993 -2.373885 5.152266 -7.346515 1.780349
5.740802 -0.082753 -0.096322 10.526345 0.150941 6.737546 8.292652 -1.437173 7.154302 1.210233 -0.832318 4.340727 0.211268 2.302762 -6.427061 -1.008746 3.292479 -1.968186 3.581194 -6.535045 5.967689 -0.700388 9.350621 8.262430 -1.600599 -5.885145 11.258079 -4.303799 -9.807131 9.242924 -6.226635 0.965452
2.023266 0.232745 -3.019482 3.837382 7.571884 -2.278231 -5.091591 -6.220548 5.711298 10.643257 -4.861428 1.424364 0.514785 -0.508583 -15.575189 -2.338014 4.574622 -14.189752 -1.416389 -6.668881 14.013616 2.148863 -0.354331 12.936965 2.817943 0.535540 5.450969 6.586455 2.577570 1.916959 0.881886 -0.847661
3.755501 -2.998719 0.729767 -0.386954 0.235843 1.693413 -4.890223 3.615850 0.194770 7.115426 -2.439456 7.160714 0.788740 -9.318299 -9.371506 -6.100948 0.690755 1.123111 7.268971 4.616606 5.647764 8.468771 1.558907 2.814303 8.679192 -5.379641 3.701778 -8.378652 -11.220083 9.825802 0.102452 1.275196
-1.887843 1.351322 1.442849 -13.966651 -7.209573 -6.592715 -12.087630 5.175172 -11.902549 -5.131214 0.844804 -3.375626 -1.126051 -5.139379 7.546071 -0.327274 -0.688639 0.857787 1.168330 3.137850 4.807162 5.883548 -7.667412 -5.785866 9.167850 -2.789919 -9.508545 -5.514736 21.897324 -5.485491 2.258576 -1.640433
1.558274 -2.359593 -0.672008 1.245453 0.488773 6.629145 3.000723 2.339076 0.783512 2.915143 -1.329260 5.607877 2.862710 -7.678648 1.179554 6.759203 3.177255 5.216297 5.195964 1.933211 4.465173 9.689476 5.868764 5.083341 -3.979282 -9.117327 3.059902 -4.489596 3.939763 -0.257389 -3.071641 -2.815185
-15.853560 10.201271 10.416701 0.819604 -0.949569 5.663282 -0.652463 -7.878449 3.387735 0.827333 3.584183 -4.697077 5.362091 -3.204141 -3.861617 4.425949 1.257963 -5.454483 -6.395633 -0.178445 4.132717 1.196074 7.086726 4.281147 9.372515 -1.059302 9.516338 4.782191 11.784009 1.851170 5.939430 1.824735
-6.613476 4.266278 11.049953 -0.035376 3.115343 -0.213858 -2.451904 -7.383314 -4.941699 -0.755981 -0.203394 -0.186051 0.771459 4.357412 2.875325 3.862248 5.476097 -1.763276 -1.816909 1.683378 -8.321519 -1.615132 0.120487 -1.683595 -4.284804 -3.419153 -4.374090 2.612930 -1.459918 4.473065 1.211435 10.433593
-0.587202 1.477434 -2.816465 3.155628 3.891634 -3.441378 -7.547282 3.718917 -2.944104 4.634509 -4.149214 4.666975 5.465077 0.064919 -10.712412 -2.309096 6.409353 1.426626 7.800058 -0.574953 10.527086 -3.647161 -8.454001 0.795660 -9.180773 4.610634 0.361878 -2.891017 -7.541778 0.959182 -4.299714 -8.513748
4.339943 -4.229585 -8.563058 4.673279 5.639207 -5.523535 -1.820943 4.190036 -1.997019 -3.356301 5.448145 -0.587514 1.018013 2.713071 -1.696409 2.966778 1.297461 -2.613979 -3.333309 -4.074725 -1.313557 2.517035 -4.170481 -1.785239 -6.200380 -0.962161 -9.730809 -3.774856 -3.212991 4.422754 -4.311465 0.738460
0.508222 2.870577 3.221039 -5.846374 1.895333 -4.121569 1.669167 1.631600 1.720247 -0.131103 9.095092 0.253589 2.652077 -1.800800 -4.367734 1.504908 2.297602 -0.559496 -1.559082 -3.112366 -1.524747 1.447471 -2.489865 4.169823 3.984722 2.305871 5.181553 -3.501620 7.718262 -0.194419 -1.077294 0.321762
0.961390 -8.185476 1.155881 -2.683047 7.778173 -8.922887 0.250176 6.181556 -6.415344 -2.309031 5.192722 7.041874 -2.848251 9.096860 17.567956 3.512184 -6.460577 -3.995203 -1.437794 -3.864228 -7.985578 -3.524830 4.990058 -6.460729 -16.952571 1.278191 -9.890821 -3.302104 -7.384840 -0.025970 -9.834338 0.491760
7.157852 -3.251214 3.994977 -6.602544 -0.360529 -2.344440 4.311421 5.294663 -3.185827 3.863317 0.346259 5.551426 1.649082 -2.657545 6.331210 -3.368041 7.563389 7.199317 3.134140 -1.658149 -9.316629 -1.919876 -1.957598 -2.058614 -3.773785 9.215374 5.137344 -5.121474 -11.388165 1.687993 1.474420 -5.992661
-4.249277 -6.145198 10.953319 2.019039 1.222504 4.109617 8.227865 4.095949 -3.141445 4.571735 15.408386 5.950371 7.720385 -2.790513 -9.505542 0.228269 -5.812037 1.833647 -0.206282 1.408250 9.836930 7.144116 12.565002 9.901184 2.745228 -2.763671 7.160393 -2.599129 -0.850410 15.220002 3.074732 5.839352
2.712421 -7.076746 -3.447003 -5.881506 6.358935 -1.569386 0.510558 -1.066587 3.150813 17.205045 -3.155391 11.623228 5.712629 -2.106109 -4.510948 -3.394937 -10.871220 2.894294 5.876763 5.841413 23.944921 4.228712 10.553982 3.964560 7.070116 -5.077493 5.035795 -0.347487 1.846829 3.923598 5.485503 1.675316
-1.527667 0.580564 -10.369459 -0.301931 -5.988392 0.058873 -6.792619 -4.390102 2.466678 7.226190 -9.080233 0.588083 -2.347495 3.331786 -1.788150 0.507587 -8.113323 9.270854 1.141687 11.165627 2.631793 -0.809342 -0.422605 -8.458394 9.491132 1.703955 -0.158995 0.228021 -8.141310 0.674908 8.739652 1.370672
-9.141942 9.733255 3.730794 -0.977109 4.466319 2.550074 -0.331361 -6.038124 -5.616482 -1.205790 -4.941270 5.809289 -2.402081 10.860482 0.622086 0.964519 4.430920 2.144275 1.023571 2.352914 -3.888668 -0.984582 -2.858168 1.541006 -0.477306 -2.859453 -6.059053 10.515825 9.898858 -4.297417 3.490851 6.733968
3.648191 -3.003971 -2.173237 4.214138 5.804907 0.438308 3.744404 -1.667632 5.440958 9.866253 -9.269821 9.377209 8.439421 -5.793565 -4.580132 1.277690 2.776471 6.477075 4.391936 -0.493793 15.651372 -3.723521 2.979592 4.148268 -2.505899 3.127440 10.492244 0.380012 -5.118381 -2.565067 5.831289 -6.549309
2.004580 1.522533 -1.613522 12.675382 8.416529 7.449256 10.707555 -2.043564 10.651182 -1.848373 -3.118278 -4.466036 0.809352 3.949029 0.753128 4.861176 -3.053635 -4.958121 4.301286 -0.496634 -8.656471 -4.773951 4.752336 -5.663487 -6.769564 -10.015600 5.138861 4.981334 -5.833623 -0.017909 -2.413361 1.067589
-5.408918 0.933874 13.847108 -9.687577 -4.748881 3.913879 -10.605282 -2.934394 1.151870 -2.666009 -0.362854 -0.413352 -3.679831 -11.140150 10.892176 2.661778 0.122338 -2.497831 -3.938790 -7.896483 4.639070 -5.795963 3.875605 -4.078999 9.305256 -0.952873 6.501776 -6.558483 8.231377 -5.456682 -1.285412 -7.731654
-2.016109 4.403823 -1.216615 -11.937498 -5.802332 -7.181881 -5.538996 9.173554 -14.625900 -9.152461 -0.932041 2.792145 -7.181902 5.840254 2.594366 -3.562998 -1.863864 4.402126 -6.421848 -0.586025 -6.619626 1.928209 -9.262643 -1.686952 0.737932 9.089012 -15.823589 0.744094 5.789928 0.659886 7.308123 0.522399
-1.398101 6.409955 5.268384 -3.509453 6.404827 3.804792 8.096242 -5.730338 5.978313 3.311464 -2.598075 -2.613725 -2.772169 -7.543743 -4.559354 -3.363120 -1.146317 -3.891593 -3.391023 4.467032 -0.222807 0.615407 4.548514 -1.510254 0.546847 -2.509128 6.379703 2.421009 1.189325 4.117434 3.562867 4.433066
0.486936 8.017955 7.025846 -2.148483 3.646548 -3.169956 -0.397911 2.099795 -4.038722 -2.113489 -0.718057 8.933073 4.773649 4.909383 1.664190 5.368945 6.638633 0.201829 1.471402 -1.170179 -3.453879 3.164164 2.500330 6.774807 -4.229818 -4.587440 5.893711 -6.177750 6.179264 3.597007 0.507248 3.078199
-3.325702 -1.696370 -10.844225 7.784835 -1.135608 4.243415 -2.813615 5.282770 -3.434837 -7.259346 0.608052 -0.666732 0.724006 1.709678 -4.955016 0.875199 -4.877668 7.160046 4.541497 -2.211032 2.149132 -2.165575 -8.400763 -4.882344 -0.678869 -2.075459 -15.061605 3.079423 -1.554991 -0.559985 0.142622 -3.248179
6.711117 2.352622 -11.466207 2.663189 -4.993573 -1.403389 -6.555767 4.379695 0.672708 -2.676396 -2.199691 -1.485664 -3.422962 5.066724 -2.734687 -2.319425 -4.407086 2.190788 6.267688 2.228603 -2.933356 -0.550434 -6.435032 -5.070317 9.457646 -3.045904 0.159295 -4.288692 -3.103335 -0.603950 -2.262893 -2.440547
-5.494874 1.200617 -1.456098 -2.130301 -4.381115 10.795103 -0.082720 -1.770106 -0.929824 -9.270178 6.980578 0.271851 -7.181339 -2.966381 12.071583 -1.691446 -13.406399 1.949078 -6.096575 1.486652 -4.276637 3.534869 10.627607 -0.547273 4.934630 -8.019615 -6.618417 -1.146542 7.972713 0.227158 -3.368357 2.576114
3.827812 9.367632 5.826444 -10.814671 -4.955136 -5.834472 -1.686680 10.772077 -8.962774 -7.353597 2.268088 3.831137 5.586286 3.723723 1.647369 -0.372466 -4.066113 5.193524 9.208558 -4.752747 -4.636666 -7.452357 -5.065949 1.288208 -8.109762 2.708954 1.962545 -9.865993 3.865100 5.691476 0.115705 -4.461623
8.028156 -1.579278 -2.804932 -3.176038 -4.833363 -6.175695 -0.817681 7.242960 -6.121163 -7.997829 -0.504468 -2.167674 -1.933062 -1.205867 3.424845 -0.504928 2.372644 1.294750 12.794627 -4.372461 -0.318133 -1.951698 -9.511320 -4.570243 -8.600689 -5.443849 -8.665056 -9.717149 4.028489 -1.145694 -12.033730 -0.869893
-1.949038 -3.846556 10.034749 -4.274980 -1.749964 4.043157 -4.880818 -1.976881 -1.100229 1.884529 -0.310018 -0.173108 -8.193292 -7.508001 4.351848 -7.457773 2.192679 -6.554894 0.100739 0.867057 -0.301679 0.369398 3.447629 -1.947119 -0.745706 0.132012 3.188284 -3.451276 -3.642771 0.272121 -6.550868 -3.115408
-2.862090 1.440055 -10.559789 3.714388 -3.764239 -0.379906 -7.805949 2.322859 -1.968894 -1.779934 -1.694108 2.160874 9.237531 -1.076606 3.283504 14.338869 -4.130182 11.054253 8.299727 -4.262327 8.628551 -2.360993 -3.261052 -5.058499 2.508101 -6.195637 -5.076786 -5.177753 5.610853 -2.239466 0.196277 -5.767456
6.955369 -3.514533 2.550663 -0.861274 2.712871 3.882568 0.561164 -0.124133 1.218648 2.078375 -0.352906 -3.842779 -5.382276 -1.968374 1.900374 -8.321219 9.204623 -3.718323 -3.463311 1.298757 -3.991483 0.553039 -3.835617 -0.600887 2.377832 3.659742 4.109106 5.580441 -1.962630 -9.000306 -3.293705 -6.038052
-3.941471 1.062494 5.646532 -7.438098 -2.092305 8.201706 2.555074 -5.418666 -4.396638 10.079233 -4.073290 15.649109 -5.585675 0.789788 -2.653959 5.966582 5.407971 8.399102 -1.125638 -5.574804 13.844611 6.605262 11.849768 7.248354 5.832581 -3.871094 5.046657 -3.124733 7.623092 13.269016 8.871165 2.067496
