-5.281487 -2.548374 5.186899 -5.827818 -0.729460 0.040448 -5.384052 -1.024294 3.874449 6.573240 4.020783 1.876366 -2.285088 0.054702 7.191577 0.133706 -0.594393 -7.652916 -2.365140 0.503799 1.015526 0.022450 0.659023 -2.622703 -9.193853 1.934805 0.718525 5.152170 -0.850728 -2.362523 2.147303 1.703021
2.824719 -5.644355 5.940024 -3.558939 -7.253613 -0.832283 1.838642 7.772238 -10.879904 6.553310 0.312500 7.158191 -2.137885 -0.491587 -4.366252 0.980153 3.034338 14.947913 0.339627 -4.085173 0.547169 -0.238773 8.600523 6.354461 7.743853 6.293998 -0.943486 -12.917836 4.689728 5.589286 2.623007 -5.740163
-0.770745 -4.211885 13.988492 -3.756983 -1.370101 3.759601 3.966330 2.874620 1.345240 5.611416 -9.983579 1.628221 3.749793 -5.846142 -2.167353 6.074436 -4.105149 7.119880 -1.390850 4.340199 3.799200 8.371348 -4.360206 3.029883 1.368043 7.864456 1.255278 -4.297031 1.487808 6.924944 9.993375 -1.933219
-10.907531 4.437891 4.732103 7.259133 2.786362 -9.833913 4.680195 -5.859187 -7.151953 0.957396 1.633109 9.744602 0.167178 2.746629 4.910782 0.383167 -3.713372 3.962815 -8.797943 0.902984 -3.584757 10.847308 -2.866681 2.887578 5.160485 11.179189 -1.145086 10.069613 -0.154355 0.820131 0.076952 0.955276
-10.745596 3.647178 5.368745 -2.131867 -2.611495 -2.139531 -2.560822 -4.299759 0.372162 1.206313 -6.776406 -3.209231 5.469478 -5.940751 8.005550 2.258600 -7.686500 -0.325465 -3.708359 1.791586 -3.664580 0.081891 -10.092568 5.178567 0.533141 0.833857 -0.327959 9.219326 -2.656146 3.848140 6.229539 1.707967
-0.305769 2.414670 -7.941022 5.468393 -1.006296 -4.407396 1.035052 1.023744 -2.621458 -3.731560 -10.128640 -2.496183 -0.058616 4.683923 1.565507 -4.065616 3.600819 9.804180 -6.813531 -4.722574 2.996745 -3.399994 -1.563542 8.093998 6.170058 -1.692340 -1.147135 -1.275344 -2.523935 -5.990343 -1.000763 2.211848
-11.676452 -0.906627 1.263796 9.748465 6.118630 2.085422 -0.283437 -7.990120 7.299745 9.954453 -11.128961 -4.544566 -2.253800 5.568598 2.958967 -0.628515 -1.009031 -0.739468 1.192711 -8.383943 0.996638 -2.970571 8.292705 0.636486 -7.077084 2.107662 0.799503 0.283502 -7.802387 -2.760459 -8.958003 7.745067
-3.858588 3.343533 4.434115 -4.027945 -8.808368 -4.964070 3.310486 -1.609154 -1.899938 -7.117604 5.503859 5.819317 -1.323402 6.291820 12.459922 -16.360093 1.921259 11.378167 -0.319093 -4.319552 -10.301022 3.016610 -2.782040 2.358880 3.749299 -5.079511 6.284021 -4.354881 -6.694201 7.459999 2.993923 -10.152725
-3.556748 -2.792686 2.927110 -3.997678 -2.053087 -2.781164 -5.214410 3.620021 -7.510214 -4.466442 -4.553537 10.018785 -4.156502 -2.546802 1.471250 -1.646245 1.605578 0.487232 0.795551 17.447180 -0.994619 4.252675 -16.978806 1.669428 13.350172 0.400917 8.843758 -10.937641 4.070996 3.354301 6.499938 -4.129279
-5.076775 -10.578504 0.326587 -3.789583 10.374308 10.135280 2.704517 -3.410378 1.332187 4.204710 2.516838 -6.844677 -0.371345 1.982934 3.254221 4.182846 -2.050541 -1.796487 17.889679 -7.118418 -8.771087 5.231596 8.756632 -2.958895 -12.354600 -0.446294 -3.127408 2.949772 5.202293 3.889837 -9.846422 3.612797
1.341302 5.228146 6.828638 1.534294 2.377152 0.274480 5.812692 1.838250 3.029170 -8.773235 -7.669278 -0.592669 3.785223 -1.705246 -0.951755 -4.762853 -0.399531 6.029788 -13.020244 2.646979 -3.165432 1.556223 -4.403904 3.886581 -3.355194 4.956132 2.134430 2.997050 7.646441 -0.218031 1.497202 -1.417228
-3.628946 -3.155139 3.803344 6.209133 -6.145919 -5.108082 5.846467 -6.028992 -1.492346 3.967670 -0.730719 7.152228 3.186428 8.883518 5.610165 -5.539108 0.757771 11.666986 -7.341521 -5.662342 3.356642 4.291776 -1.478705 2.465011 4.381532 2.467201 0.856620 -2.161734 -7.492838 5.849557 5.691165 -0.973621
7.687214 -4.130314 0.805981 0.392032 -3.620654 6.651119 5.700278 7.176566 -10.927269 -7.786287 8.849576 -0.402131 -2.834454 -0.279613 2.291457 2.999431 11.231098 -0.455012 5.665777 2.904373 -8.176999 -1.410729 5.144765 3.083775 -2.450217 -1.839073 -1.181102 -5.752285 3.462882 0.222834 -6.029670 -6.057369
2.620043 -11.220820 4.153426 -5.816618 3.382850 10.716194 -1.076207 5.267293 -9.391088 -3.751697 -1.898909 -4.961349 2.194896 -4.147043 6.361970 4.951709 -0.246084 -1.773790 7.134697 4.731443 2.701005 4.540084 -6.109628 7.815669 0.047703 -2.594406 0.031908 -1.147848 4.430896 3.451223 5.175174 -2.974217
6.558442 9.608399 7.652171 -6.353879 -1.566079 1.231860 -8.131595 2.509325 -4.193433 -2.772532 3.745173 -6.422023 -9.360389 -1.501306 -2.825788 -3.515374 9.877318 -3.053738 4.019739 10.652632 -10.752202 4.221284 -0.873655 -5.820506 0.388938 -2.352651 15.304337 -4.762777 10.312826 -8.425244 -7.531054 -4.876549
3.115766 -4.129693 -13.514590 3.266012 -5.321982 -6.100303 -0.245250 6.177111 5.132020 3.907338 -1.547210 3.280269 -4.933461 -3.957716 -8.297664 2.130034 0.043963 1.112095 1.624325 -5.180228 6.104342 -9.219531 8.456180 3.379539 6.046977 -5.228464 -13.188436 -5.810975 -2.096917 -5.340900 2.891796 4.440980
11.628242 2.549139 0.847130 2.739077 -6.085922 5.978653 -9.050940 3.331894 10.424086 -1.011278 -4.712447 -9.537346 -0.047435 -14.450295 4.678705 -0.148212 0.869052 0.834603 -13.965371 5.502963 9.981361 -1.766842 -9.329520 0.443221 4.785336 -0.044114 1.384379 -1.511651 -1.076430 6.409335 9.777933 9.913377
4.160803 -11.018387 5.059919 4.769566 2.442595 5.590471 10.850297 -0.715319 -2.188019 6.552075 3.710137 4.949207 9.129986 1.875929 -0.195484 5.028967 -6.226593 5.714758 -2.323218 -5.507192 4.261525 4.977416 11.759321 -0.476234 1.618159 -0.780901 -6.536460 2.659503 1.857844 0.807879 4.673310 -4.711362
-4.993403 -1.827893 -5.546058 3.365064 4.443366 -6.771481 0.751950 -2.400564 0.487569 -3.446270 4.916580 11.702056 -1.543648 5.434768 1.295698 -5.847542 -4.717269 1.465873 -5.969262 2.843294 0.962348 2.217126 -2.164258 -5.134743 7.812963 -1.867222 0.952511 -0.111937 2.986870 -2.631859 1.124204 -2.225381
9.894830 1.424734 1.549054 -5.279658 1.108960 1.865595 -8.272459 4.574144 5.764724 -1.838965 -2.628095 -0.347463 11.519608 -9.009949 -0.517806 4.523510 1.676620 -6.416529 4.690535 -0.644719 9.275009 -0.902903 -8.678386 1.408520 4.673301 -3.591196 -5.146585 0.091958 -4.963110 6.657670 12.091531 3.760672
-12.242398 -2.561070 0.331958 9.833250 0.164383 0.117148 3.408171 -3.315832 -5.761992 2.204173 4.053460 1.606509 0.680283 4.563584 7.541500 7.639096 1.977661 -9.803594 -1.938955 4.557889 -4.921612 1.890627 3.417095 2.550467 -9.084900 1.417246 -4.381963 11.884922 -4.227680 -12.999575 -4.623541 1.232813
0.597704 2.631125 -3.943751 -3.717791 2.088321 -2.127368 -1.351791 2.218220 -3.068023 4.204480 -0.137600 -4.946668 -8.100406 -9.302170 -3.636123 9.913319 0.175616 -2.321512 5.528057 5.367159 -9.203325 1.522764 2.476339 -2.826434 3.430212 3.826017 -1.712053 3.585019 9.065889 -4.273174 -6.996957 4.880173
6.254864 -1.907023 3.994467 -0.902552 -3.034933 3.480083 2.960354 5.629657 5.846910 -7.306149 10.091286 -4.656585 -1.640969 -4.760054 -1.016214 -4.777625 -3.965072 -1.694170 -2.427769 4.606141 -6.135663 4.668653 10.092393 -0.064865 -10.208036 -2.648685 -7.834189 -1.606903 6.560050 -5.188282 -3.070799 2.879684
6.304093 -5.113119 0.345271 -3.776823 0.744453 -2.480658 -3.519846 2.843509 -6.045088 2.828024 -4.701113 3.717299 4.101485 8.914668 -3.560068 -2.825084 7.352572 11.006474 3.668033 -5.046175 4.791143 5.213582 1.955030 4.670991 6.813604 -4.873367 0.336363 -6.480796 6.927921 -7.756758 3.674455 -2.284367
-2.537912 8.034291 -0.530314 -8.759487 -10.991496 -0.132275 -12.478012 2.130103 -1.261868 3.087216 1.462888 -2.703743 9.141313 -8.247676 4.409914 4.720991 -2.328793 -0.126941 2.671288 3.570018 -6.238857 -5.807531 -4.876499 0.410307 3.059976 -4.356952 -1.477462 2.543486 -3.639980 -0.264187 3.997510 0.402090
-3.552647 9.444350 -3.242364 1.168840 2.817941 -5.081757 -0.643510 -9.938094 15.534459 0.270573 -1.033689 -4.281126 0.492251 -1.506835 -2.826454 -3.706793 -3.397568 -9.426894 8.608964 -6.183365 -6.113936 -2.034581 -1.739591 -7.513536 -3.437202 -8.925339 -0.592483 9.003698 -5.279442 1.223941 -1.560702 2.552685
-5.751669 -0.528391 8.966859 1.759131 -2.117248 -1.573854 8.278773 -1.363111 1.344987 2.256545 -1.871624 0.393694 4.816453 -4.366376 6.190530 5.495709 -5.687413 0.111230 -4.054516 -3.421308 0.486250 7.061492 -0.138753 6.825470 -5.514809 7.077915 -8.961690 10.367702 -6.995606 4.459193 6.876591 1.518355
-5.399297 -3.115146 6.642496 1.189044 2.773444 9.047362 -1.650521 0.128477 -7.284761 0.306738 5.786831 -0.969430 0.967794 2.447114 0.526948 0.109951 1.816253 -2.310543 2.224380 5.181516 -9.681919 0.412779 4.668797 -2.110720 -8.676079 2.257519 7.943475 1.341831 9.794038 -2.886386 -7.365450 -4.935105
6.929039 1.830875 -3.471417 -0.246702 -5.359099 -7.330902 -1.767719 1.968799 -2.258006 1.477437 5.776902 5.129036 -2.444896 3.329142 -3.381593 -3.858450 8.484055 5.161417 4.865701 -3.964428 -1.845544 -0.068709 4.106026 -2.783643 8.988577 -2.162555 0.682508 -8.885011 -2.459916 1.509984 -1.704862 0.025210
3.749418 5.687374 11.367898 -3.345105 4.358724 4.616814 3.938146 2.478046 4.293941 -11.181960 -7.938173 -7.778034 5.236387 -9.242126 4.106529 1.741089 0.423972 -7.113145 2.362596 0.753560 -5.091847 -1.530165 -4.144917 8.223350 -7.093591 -2.318264 -5.434681 2.520060 -0.554219 3.960902 1.074180 0.168317
-5.336024 10.773525 -8.783293 -3.227614 -7.410105 -7.226696 -7.632157 0.435128 -1.063205 1.971798 -7.172059 -0.082702 -16.744455 5.905540 -3.394480 -8.807157 11.152598 5.994417 0.916345 0.349087 -4.426733 -3.431025 -4.458336 -0.670654 1.791669 3.459728 13.158804 -7.308316 -2.058197 -4.008988 -9.450847 -1.061854
9.026602 -5.168976 -3.260890 -1.145100 -4.980266 7.992039 -6.123574 5.494986 2.806282 2.848137 -2.273311 -11.239626 -8.768015 -8.589565 -0.654367 1.548453 9.654567 4.401107 -3.325059 4.931607 -1.756780 -2.891037 -3.039844 -1.488691 -1.261230 0.664501 6.636842 -3.098143 12.605644 0.183126 1.258805 6.002442
