-1.945270 0.000000 0.000000 0.000000 0.000000 0.000000 0.000000 0.000000 0.000000 0.000000 0.000000 0.000000 0.000000 0.000000 0.000000 0.000000 0.000000 0.000000 0.000000 0.000000 0.000000 0.000000 0.000000 0.000000 0.000000 0.000000 0.000000 0.000000 0.000000 0.000000 0.000000 0.000000
-0.816704 0.000000 0.000000 0.000000 0.000000 0.000000 0.000000 0.000000 0.000000 0.000000 0.000000 0.000000 0.000000 0.000000 0.000000 0.000000 0.000000 0.000000 0.000000 0.000000 0.000000 0.000000 0.000000 0.000000 0.000000 0.000000 0.000000 0.000000 0.000000 0.000000 0.000000 0.000000
0.057845 0.000000 -0.965634 0.000000 0.000000 0.000000 0.000000 0.000000 0.000000 0.000000 0.000000 0.000000 0.000000 0.000000 0.000000 0.000000 0.000000 0.000000 0.000000 0.000000 0.000000 0.000000 0.000000 0.000000 0.000000 0.000000 0.000000 0.000000 0.000000 0.000000 0.000000 0.000000
-0.000164 0.000000 0.000000 -1.888591 0.000000 0.000000 0.000000 0.000000 0.000000 0.000000 0.000000 0.000000 0.000000 0.000000 0.000000 0.000000 0.000000 0.000000 0.000000 0.000000 0.000000 0.000000 0.000000 0.000000 0.000000 0.000000 0.000000 0.000000 0.000000 0.000000 0.000000 0.000000
0.000000 0.000000 0.195491 -1.128434 0.525501 0.000000 0.000000 0.000000 0.000000 0.000000 0.000000 0.000000 0.000000 0.000000 0.000000 0.000000 0.000000 0.000000 0.000000 0.000000 0.000000 0.000000 0.000000 0.000000 0.000000 0.000000 0.000000 0.000000 0.000000 0.000000 0.000000 0.000000
1.990998 0.920887 0.476691 0.000000 0.647338 -0.294407 0.000000 0.000000 0.000000 0.000000 0.000000 0.000000 0.000000 0.000000 0.000000 0.000000 0.000000 0.000000 0.000000 0.000000 0.000000 0.000000 0.000000 0.000000 0.000000 0.000000 0.000000 0.000000 0.000000 0.000000 0.000000 0.000000
0.000000 -0.193042 -0.540710 -1.253440 0.428541 0.534846 0.192581 0.000000 0.000000 0.000000 0.000000 0.000000 0.000000 0.000000 0.000000 0.000000 0.000000 0.000000 0.000000 0.000000 0.000000 0.000000 0.000000 0.000000 0.000000 0.000000 0.000000 0.000000 0.000000 0.000000 0.000000 0.000000
0.322581 0.000000 -0.581086 0.563862 -1.897241 -0.445095 0.000000 -1.301411 0.000000 0.000000 0.000000 0.000000 0.000000 0.000000 0.000000 0.000000 0.000000 0.000000 0.000000 0.000000 0.000000 0.000000 0.000000 0.000000 0.000000 0.000000 0.000000 0.000000 0.000000 0.000000 0.000000 0.000000
-0.343436 1.743749 0.161116 -0.397183 -0.135274 -0.861834 -1.038804 -1.935026 0.000000 0.000000 0.000000 0.000000 0.000000 0.000000 0.000000 0.000000 0.000000 0.000000 0.000000 0.000000 0.000000 0.000000 0.000000 0.000000 0.000000 0.000000 0.000000 0.000000 0.000000 0.000000 0.000000 0.000000
1.512134 1.831783 0.689003 -1.682879 -1.539415 -1.240255 0.000000 -1.620139 0.000000 0.000000 0.000000 0.000000 0.000000 0.000000 0.000000 0.000000 0.000000 0.000000 0.000000 0.000000 0.000000 0.000000 0.000000 0.000000 0.000000 0.000000 0.000000 0.000000 0.000000 0.000000 0.000000 0.000000
-0.338228 0.231495 0.164455 -0.074888 0.263402 1.533094 0.806953 0.468424 0.000000 -0.705878 0.000000 0.000000 0.000000 0.000000 0.000000 0.000000 0.000000 0.000000 0.000000 0.000000 0.000000 0.000000 0.000000 0.000000 0.000000 0.000000 0.000000 0.000000 0.000000 0.000000 0.000000 0.000000
-0.663229 0.000000 1.839164 0.420358 1.238700 1.632074 -0.340697 0.000000 1.399837 -1.613421 0.660224 0.000000 0.000000 0.000000 0.000000 0.000000 0.000000 0.000000 0.000000 0.000000 0.000000 0.000000 0.000000 0.000000 0.000000 0.000000 0.000000 0.000000 0.000000 0.000000 0.000000 0.000000
-1.354169 0.000000 -0.658514 -1.805221 0.000000 1.802131 -0.414749 -0.450902 -0.565514 0.000000 -1.292412 0.226314 1.561537 0.000000 0.000000 0.000000 0.000000 0.000000 0.000000 0.000000 0.000000 0.000000 0.000000 0.000000 0.000000 0.000000 0.000000 0.000000 0.000000 0.000000 0.000000 0.000000
-1.634312 -0.113041 -0.319956 0.000000 -1.607969 0.502603 -1.911735 -0.814697 0.638761 1.645357 -1.497801 0.000000 0.000000 0.307525 0.000000 0.000000 0.000000 0.000000 0.000000 0.000000 0.000000 0.000000 0.000000 0.000000 0.000000 0.000000 0.000000 0.000000 0.000000 0.000000 0.000000 0.000000
-0.398749 0.502728 0.213887 0.313439 -1.606303 0.000000 0.286431 0.000000 -1.426122 -0.231866 -1.916264 0.000000 -0.223586 0.000000 0.000000 0.000000 0.000000 0.000000 0.000000 0.000000 0.000000 0.000000 0.000000 0.000000 0.000000 0.000000 0.000000 0.000000 0.000000 0.000000 0.000000 0.000000
-0.357269 1.247464 0.000000 0.281148 1.330447 1.826882 0.000000 -1.260646 -1.655471 0.000000 0.592934 -0.736907 -1.567822 0.127487 -1.622324 0.001114 0.000000 0.000000 0.000000 0.000000 0.000000 0.000000 0.000000 0.000000 0.000000 0.000000 0.000000 0.000000 0.000000 0.000000 0.000000 0.000000
1.825168 0.000000 -1.944551 -0.370538 -1.159571 0.000000 0.397439 0.165080 -1.761652 1.257547 -0.268914 -1.754215 -1.772474 0.000000 0.000000 1.326073 0.000000 0.000000 0.000000 0.000000 0.000000 0.000000 0.000000 0.000000 0.000000 0.000000 0.000000 0.000000 0.000000 0.000000 0.000000 0.000000
1.782999 -0.493294 1.906244 0.597515 0.000000 0.000000 1.465693 0.914625 0.582289 0.417437 -0.878661 0.382719 1.254893 1.066109 0.342255 1.982276 1.673590 -1.640493 0.000000 0.000000 0.000000 0.000000 0.000000 0.000000 0.000000 0.000000 0.000000 0.000000 0.000000 0.000000 0.000000 0.000000
0.901486 0.000000 0.000000 0.582410 0.000000 1.586299 0.000000 0.000000 -0.738545 0.000000 0.000000 -1.471281 -1.677538 1.762016 0.808430 0.165498 0.000000 0.599152 0.403648 0.000000 0.000000 0.000000 0.000000 0.000000 0.000000 0.000000 0.000000 0.000000 0.000000 0.000000 0.000000 0.000000
-0.339417 0.000000 1.434026 -1.750275 1.738176 1.194623 -1.214823 -0.580673 0.000000 -0.427411 1.783884 0.093605 -0.240577 1.758274 0.595062 -0.674591 -1.655871 1.249895 -1.586264 -0.636166 0.000000 0.000000 0.000000 0.000000 0.000000 0.000000 0.000000 0.000000 0.000000 0.000000 0.000000 0.000000
0.049571 0.000000 -0.368888 -1.473252 -0.055305 -0.786458 1.731012 -1.909742 1.120851 -1.440050 -1.052304 0.000000 -1.092909 0.575826 0.000000 0.000000 0.702652 -1.771892 0.000000 0.000000 1.669072 0.000000 0.000000 0.000000 0.000000 0.000000 0.000000 0.000000 0.000000 0.000000 0.000000 0.000000
0.825488 -0.604672 0.000000 1.545521 0.820164 -1.563946 1.127564 -1.919449 1.446660 0.255572 -0.336726 -1.612137 -0.813550 0.666088 0.000000 0.346496 -1.394271 -0.416251 -1.578066 -0.777024 0.915757 -0.373638 0.000000 0.000000 0.000000 0.000000 0.000000 0.000000 0.000000 0.000000 0.000000 0.000000
-1.504616 -0.617682 -0.500700 -1.217149 -1.811213 0.967911 -1.005841 0.000000 -1.384865 0.308468 -0.955350 0.194354 -1.283873 -1.691250 0.000000 -1.781738 0.000000 -0.090335 0.000000 0.342351 -0.389185 1.119284 -1.426874 0.000000 0.000000 0.000000 0.000000 0.000000 0.000000 0.000000 0.000000 0.000000
0.582137 0.000000 -1.972071 0.485322 1.281013 0.000000 0.710893 -0.732230 0.766623 1.544685 1.562634 0.779812 -0.389042 0.000000 -1.320452 -0.232665 0.397845 -1.679253 0.407227 -0.183265 0.000000 0.690029 -1.527126 0.858875 0.000000 0.000000 0.000000 0.000000 0.000000 0.000000 0.000000 0.000000
-0.745188 -1.376907 1.637718 -0.386076 0.874872 0.594988 0.716650 -0.990741 1.235305 1.862556 -0.165926 0.000000 0.000000 0.078447 0.710183 -1.492222 -1.346533 1.609613 -0.092644 0.326947 -0.350881 -1.065037 0.728767 0.000000 0.000000 0.000000 0.000000 0.000000 0.000000 0.000000 0.000000 0.000000
-1.411347 0.542581 0.188181 -1.239485 -1.060982 -1.557586 -0.324121 0.000000 1.492173 1.501955 -0.425779 0.258363 0.000000 1.184974 0.000000 0.000000 0.000000 -1.262164 -0.467139 0.520373 0.000000 1.738920 0.000000 -0.739042 0.848548 0.000000 0.000000 0.000000 0.000000 0.000000 0.000000 0.000000
0.975621 -0.808091 -0.576169 -1.650214 1.285001 1.275477 -1.857639 -0.167886 -0.917763 -1.324566 -0.790135 -1.477131 0.652109 -0.281307 0.940101 -1.459131 -0.099641 0.074247 -1.190824 -1.134669 1.314612 0.000000 -0.996484 1.280270 -1.467160 -0.573615 0.000000 0.000000 0.000000 0.000000 0.000000 0.000000
0.182784 1.676832 0.000000 0.000000 -0.490547 0.178523 -0.650678 1.977321 -0.973411 -1.004833 -1.785461 1.434792 0.686835 0.000000 0.000000 0.440432 0.701824 1.689737 -1.016610 -0.453172 -0.229691 1.133878 -1.492704 -1.518211 -1.833684 0.000000 -0.982075 1.601056 0.000000 0.000000 0.000000 0.000000
-0.633436 -1.183742 -0.304920 1.643305 0.385868 -0.345934 0.000000 1.310095 -1.069087 0.000000 1.768233 0.869860 0.000000 0.917239 0.000000 1.652166 -0.047289 -0.415996 -1.709060 -0.567441 -1.795399 -1.806549 -0.891723 -0.433030 0.338172 -0.007480 -1.486697 -1.948410 0.000000 0.000000 0.000000 0.000000
1.720661 0.593858 -0.832355 0.000000 -1.975812 1.257536 -1.840754 1.821793 -1.997608 -1.784678 0.000000 -0.806910 -0.098097 0.000000 0.000000 1.987798 0.288492 0.000000 -1.467961 0.000000 1.958021 -0.408826 0.000000 1.763521 -1.349357 0.000000 0.757242 0.313970 0.000000 0.705444 0.000000 0.000000
-0.249133 0.000000 -1.726237 0.994435 0.000000 0.000000 -0.471506 -0.904048 -1.012155 -0.768723 -1.240499 -0.716582 1.102021 1.396392 -1.413220 -1.172728 0.880630 -1.276859 -0.954668 -1.365053 0.000000 0.737257 0.000000 1.305363 0.000000 0.000000 -0.488643 0.000000 0.773689 1.404603 0.718533 0.000000
0.307232 0.000000 -0.964383 0.000000 -0.069595 -0.220590 -1.507010 -1.470925 0.000000 1.438581 0.000000 -1.844169 0.384200 -0.427513 -0.466411 0.761291 0.017824 -0.851115 -0.924810 -0.323602 1.797092 1.129703 1.795923 -0.066823 0.352002 1.500534 0.000000 -1.751853 -0.768916 0.802446 1.830527 1.783699
-0.727842 -1.523158 0.000000 0.000000 -1.522476 0.000000 -0.043806 -0.769284 -1.213247 1.814530 -1.324760 -1.065731 -0.432756 1.982938 0.000000 -1.326886 1.780096 -0.751241 1.519010 -1.205422 0.000000 1.518406 1.970058 0.000000 -0.468864 -0.587588 1.883761 -1.765739 -0.642779 0.454552 1.013888 0.262980
1.635306 1.698567 -1.854156 -0.611991 0.904339 -0.688629 1.869085 -0.593401 1.704238 0.000000 -0.590692 1.415772 -1.727254 1.209607 -0.258951 -1.957139 1.345769 0.000000 -0.290134 -1.803116 -1.012572 0.054831 1.628168 -1.037318 -0.471442 0.000000 1.199133 -1.291386 0.209465 0.023727 1.591741 1.491438
0.000000 0.000000 -1.775103 0.000000 1.731471 -1.514788 1.262982 0.860500 1.638194 0.000000 -0.800410 -1.827600 0.000000 -1.251503 0.000000 1.682766 0.177029 0.195639 0.000000 0.580874 -1.075677 -0.774338 -0.847262 0.000000 1.497229 0.218927 -1.418693 0.218748 0.888264 0.380919 -1.352308 1.239698
-0.221706 1.765338 0.705593 -0.057463 1.336656 1.690581 -0.788899 0.000000 1.828539 0.275822 1.863329 0.571180 -1.283620 0.047122 0.222198 -0.223266 -0.619933 0.000000 -1.243217 0.002317 0.980859 0.000000 0.220535 -1.974143 -1.166738 1.322491 0.000000 0.022787 1.303729 -1.838858 1.487652 0.632409
0.000000 0.000000 0.706469 0.000000 1.651203 0.000000 0.009487 0.129884 -0.425458 0.000000 1.048698 -1.176822 0.403782 -0.431129 1.077770 0.000000 0.000000 -1.781069 -0.523455 0.881536 0.582900 -1.071101 0.000000 0.000000 -0.015043 -0.578243 -1.101370 -1.983250 -1.751834 0.525835 -0.378309 0.307926
0.000000 -0.099567 0.000000 -0.546384 -1.263821 0.441452 -1.819395 -0.688464 0.257666 -0.106257 -0.099599 1.247227 0.966264 0.000000 1.791119 0.000000 -0.330421 0.000000 0.000000 -0.571231 0.044455 0.042282 -0.378699 -1.117396 -0.294001 0.000000 0.676876 -0.402670 0.681737 -1.715377 1.137622 0.000000
1.707630 -0.059078 -0.455796 -1.766168 1.752725 0.000000 0.000000 -0.248400 0.948530 0.402333 1.418190 1.591821 0.000000 0.186709 -0.549992 -1.435204 1.636809 -0.492532 1.445783 -0.325219 0.000000 0.417252 -1.520188 -0.923354 0.000000 0.461683 0.938433 0.000000 -0.361309 0.567278 0.295463 0.394252
1.842985 1.848234 -1.283344 1.866825 -0.800282 -0.897733 -0.103368 -1.001023 1.375974 0.000000 -1.334979 -0.639982 0.100197 0.000000 1.537915 1.295991 1.054063 1.278499 1.503620 1.464143 -1.121460 0.000000 0.000000 -0.751744 -1.205474 1.436447 -1.673700 -1.904215 0.000000 1.912883 -0.356845 0.264074
0.305956 0.150161 0.035836 1.564560 0.000000 -0.102765 -0.671310 -1.096842 -0.626898 -0.950366 -0.100924 -0.481050 1.478599 0.829116 1.393887 0.215973 -1.183649 0.000000 1.552765 0.000000 -1.960357 0.000000 -0.237340 1.314836 1.209584 1.133549 0.000233 0.000000 0.339311 -0.568755 -1.276432 -0.041424
-0.716012 -0.631722 -1.943213 -0.188701 -0.158579 -1.667108 -1.327920 0.803234 0.466488 1.408194 -0.313150 -0.654706 0.468777 -1.647462 -0.991308 -0.546979 0.138237 -0.123837 1.925030 0.000000 -0.028172 1.112185 1.660006 1.519659 1.318251 1.445672 0.000000 0.699573 0.000000 0.000000 0.000000 0.000000
-0.158684 0.104376 0.000000 0.000000 -0.885223 0.838685 1.451838 -0.580811 1.061265 -1.838665 0.236873 -1.840310 1.682144 0.000000 1.107194 -0.213094 1.175741 -1.218168 1.203755 -0.473534 -0.863263 -0.679376 -0.157066 1.375518 0.022083 0.837555 -1.450800 -0.519071 0.000000 0.072310 -1.302363 0.302374
-1.756378 -1.129648 0.751077 -1.046841 0.000000 1.835487 1.934846 -0.077760 -0.400068 1.717614 -0.695319 0.058969 -0.203686 0.000000 0.910525 0.000000 -1.506201 0.000000 -1.335083 0.000000 1.100938 -0.844126 0.000000 1.955362 0.969169 0.031031 -1.578394 1.809547 1.005116 1.032162 -1.144021 -0.113402
-0.759059 0.806261 0.000000 -0.906102 -1.102468 0.771636 -1.428743 -1.799299 0.000000 0.000000 0.000000 0.000000 -1.601681 0.310452 0.211260 1.690415 -1.272729 -1.176080 0.492841 1.665957 -1.560548 0.000000 -0.491784 1.813612 -0.067072 -1.328742 -1.446514 1.355415 -0.684710 0.000000 1.040022 -0.866862
-1.417938 -1.272946 -1.960690 1.813229 0.945893 0.018012 0.932642 0.319318 0.000000 0.198869 0.333229 1.191992 -1.408167 -1.935887 0.283628 0.962654 1.048848 -0.278614 0.000000 0.966509 -0.688647 0.000000 0.000000 0.000000 -1.759092 1.947584 -1.518546 0.000000 0.000000 0.000000 1.384497 -0.749608
1.345514 1.508510 0.016531 -0.363270 -1.709338 -1.793371 -0.956603 1.981686 0.000000 0.881827 -0.331343 1.537374 0.954184 1.938618 1.854741 0.000000 -0.059928 0.000000 -1.338001 -1.842940 1.220389 0.000000 -0.628281 -1.231936 0.178221 0.000000 1.018277 0.000000 -1.000108 0.788097 1.007301 -1.268746
-0.927427 1.897757 0.112757 -0.708761 -0.682483 -1.203626 -1.802822 -1.963652 0.000000 -0.883967 -0.872700 1.510998 -1.393028 0.000000 0.000000 -0.492055 -0.737867 0.000000 0.000000 0.826417 1.909135 1.380159 1.039295 0.735480 -1.415916 -1.360481 0.000000 0.000000 0.896117 -1.706544 -0.548069 1.247785
-1.253640 -0.737326 1.902408 -0.130956 0.000000 0.773510 -0.608711 -0.454849 0.000000 0.152880 -0.380126 -1.262794 -1.184022 0.000000 -0.451107 -1.478587 0.412852 -1.573506 1.889846 0.666743 0.141391 0.000000 -0.419787 -0.644706 -1.898606 0.000000 0.764987 0.000000 0.000000 1.715232 0.652585 1.517118
0.473140 -1.247071 0.000000 -1.738893 -1.573153 -0.144058 1.064982 0.000000 -0.586107 0.044375 0.133294 1.995172 -1.842552 0.000000 0.658957 -0.868938 -1.185861 -1.681140 -0.532807 0.072042 0.493518 0.541293 0.653243 -1.794946 1.808250 0.760188 1.670589 -1.329734 -1.342853 1.968543 -0.277857 0.381465
-0.208113 1.125848 -1.263005 0.000000 1.287357 0.000000 -1.466863 -0.783621 0.000000 -0.737467 0.000000 -0.377419 0.000000 -1.912613 0.230755 -0.322661 0.000000 1.076245 0.732457 -1.602021 0.456745 0.000000 -1.214052 1.356399 0.000000 0.951711 -0.735595 1.549876 0.000000 0.000000 1.430122 -1.523437
-1.332606 -0.378113 0.000000 -1.771990 0.000000 0.585240 0.000000 1.710983 1.246508 -1.497426 -0.035921 1.867874 -1.323352 0.314167 1.097942 -1.781559 0.804390 1.931788 -0.297977 1.730267 1.066384 -1.053561 -0.040857 -1.153017 0.202642 0.000000 0.000000 -1.777037 0.501734 0.000000 -1.510009 0.000000
1.048518 1.694926 0.000000 1.337833 0.000000 0.390729 0.000000 1.312743 1.470808 -0.824333 -0.841088 -0.717066 0.284797 1.909826 0.000000 -1.462266 1.887381 0.000000 0.571110 0.261664 0.302661 1.865097 0.000000 0.114626 0.000000 -1.387422 -0.198598 1.523581 0.439251 1.233073 1.185762 0.539627
1.861795 0.000000 1.285885 -0.831004 -1.775144 1.361393 1.478784 -1.486600 0.504219 0.830482 0.000000 -1.044993 -1.230968 1.453726 1.413269 0.000000 -0.129118 0.050461 0.000000 0.870705 -1.915963 -1.495539 1.880298 -0.283402 -0.662230 -0.711730 0.912466 0.995853 0.000000 -1.036785 -1.723852 0.957877
-1.304145 1.663257 1.763003 -0.583742 -0.820731 0.990083 -1.930007 1.563329 0.600749 -1.698885 0.000000 0.000000 -1.145829 -0.762122 -1.442199 -0.006668 -0.241748 0.423587 0.000000 -1.970588 1.906471 -1.862275 0.326886 1.460284 -1.700417 0.000000 0.000000 0.401006 -0.572070 -0.971749 -0.452771 -0.660844
0.000000 -0.555136 0.000000 0.000000 0.623283 -0.581807 1.403411 -1.803981 -0.203849 1.929930 0.000000 1.103509 0.771681 -0.355423 1.899617 0.000000 0.000000 0.041841 -0.286593 -0.122373 0.766880 -0.491193 0.000000 1.065389 0.403169 -1.575359 -1.209776 1.431740 0.925002 0.538977 -0.139855 0.000000
1.203272 -1.965524 0.549209 1.180441 0.000000 0.000000 0.000000 -0.855460 0.291081 -0.162785 1.647274 -1.802764 1.231829 1.949474 0.000000 0.000000 1.471919 -1.090956 -0.964830 -1.891573 0.000000 0.645371 1.207361 1.266621 -0.374334 0.803463 1.349890 1.220698 0.000000 1.078986 -1.254321 -1.092086
-1.562071 -0.195480 0.000000 -1.717214 -1.457017 0.949726 0.708497 -0.990709 0.561789 1.277983 -1.692123 -0.243477 -0.970083 1.071058 -1.099356 0.000000 -0.221149 0.000000 0.175148 0.000000 1.134006 -0.780388 -1.846396 -0.261876 1.540956 0.000000 -0.859177 -1.040720 0.000000 0.000000 1.901641 0.000000
1.160333 1.863347 0.874797 0.346407 -0.553839 1.909753 -0.988650 0.000000 0.000000 -0.743352 0.000000 0.683060 -1.840208 0.000000 -1.544136 0.649272 -0.533284 0.306180 0.000000 0.779881 -1.652132 -1.957947 -1.229294 -0.527000 0.000000 -1.653174 0.594732 0.523082 -1.220167 -1.660135 1.812480 0.294253
-1.427752 0.465163 -1.300860 0.344942 -0.178420 0.139198 1.857413 -1.730862 0.514936 -0.937258 0.000000 -0.601542 0.000000 -0.550826 -0.959808 0.000000 0.438728 -0.436330 1.933363 -0.511826 0.060668 0.000000 1.047560 -1.483715 1.916127 0.000000 0.153452 1.596996 -0.177402 0.000000 -0.255016 0.876981
-1.470117 0.000000 0.000000 0.592121 -0.030532 0.072061 1.984898 -1.345084 -0.928011 -0.935595 1.583263 -1.866306 0.385386 -1.021380 1.305561 -0.459768 1.337299 1.660394 1.905826 -1.033595 -1.630202 1.961141 1.866234 0.000000 -0.808562 -0.317054 1.790745 0.000000 0.000000 0.000000 1.074989 0.633230
0.000000 0.000000 0.267434 0.490188 0.000000 -1.230737 -1.970147 0.000000 0.000000 1.648833 -1.843974 -1.586100 0.319171 -0.903148 -0.314796 0.805996 1.771931 0.000000 -1.374551 1.818665 0.725128 -0.168399 0.445367 1.778830 -0.268640 1.120192 0.007782 -1.124913 -0.448109 -1.474848 1.031106 -1.752214
-0.210789 0.000000 0.184990 0.000000 -0.764329 0.870246 -0.144255 -0.309254 0.000000 0.000000 0.532715 -0.177733 0.626251 0.000000 -1.893567 1.355357 -0.162625 0.000000 0.585630 1.007193 1.200550 0.000000 -0.422082 -0.516105 -0.660487 0.142170 -0.113495 0.000000 -0.695118 1.318263 -0.761233 -0.872327
1.693144 1.862072 0.054071 -1.642108 0.663789 -0.525099 1.107285 0.000000 0.872273 -0.271731 -0.913130 0.884219 0.000000 1.627942 0.000000 0.940914 1.508482 -1.779594 1.339895 -0.166546 0.000000 -1.033364 0.429298 1.468241 1.088608 0.283416 0.000000 -1.090074 0.000000 0.000000 0.000000 -1.192820
0.000000 0.000000 -0.490606 1.801117 -0.328064 1.290630 1.078926 0.000000 1.659369 0.000000 1.185563 1.263823 -0.971391 0.277989 -1.325002 -1.296439 0.502600 -1.027280 -0.292421 0.841406 0.000000 0.000000 -1.727851 -1.645687 -1.024019 0.000000 0.000000 -0.443166 0.000000 0.328281 -0.424979 1.741578
0.000000 0.000000 -0.921030 -0.967093 0.142756 1.413139 -1.946875 1.243741 0.457998 0.000000 0.000000 0.381659 -0.486738 0.877553 1.329564 0.000000 -1.058467 0.323024 0.202283 0.000000 -1.549987 -1.862493 -0.102260 -0.732383 0.707489 0.000000 0.000000 -1.975265 1.549698 0.000000 0.000000 0.000000
0.000000 0.000000 0.000000 0.809595 -1.026132 -0.423238 1.424614 0.168061 -0.398573 1.569876 1.809056 -1.067924 0.000000 -1.646412 -1.887514 1.966497 -0.188467 -0.022517 0.966737 -1.230027 1.714222 0.943682 0.000000 -0.664894 0.000000 0.000000 1.832552 -0.612164 1.242734 1.575734 1.759697 1.457465
0.000000 0.000000 0.000000 0.000000 0.635607 -0.168942 1.392813 -1.603049 -0.161748 0.000000 -1.685493 0.132221 1.252568 -0.356230 -0.631098 -0.498715 -1.345535 0.000000 1.659340 0.700923 -1.592485 0.564344 0.000000 0.000000 0.000000 0.000000 0.384571 -1.009473 0.000000 1.793478 0.000000 -0.627893
0.000000 0.000000 0.000000 0.000000 0.000000 1.956501 1.038081 0.000000 -1.637116 -0.004128 -0.374149 -0.676341 0.526178 0.000000 0.417218 1.925533 0.507013 0.767111 0.707280 0.000000 -1.176472 1.644482 0.000000 0.556431 -0.259942 0.000000 1.110912 0.958325 -0.607792 1.127119 -1.634697 0.460279
0.000000 0.000000 0.000000 0.000000 0.000000 0.000000 0.000000 0.000000 -0.112390 -0.949218 0.000000 1.087344 -1.006850 0.171762 0.000000 0.520075 0.518734 -1.415614 0.697174 -0.793653 0.000000 -0.590076 1.282030 0.000000 -0.636152 -0.829380 0.277220 1.433292 -1.156120 1.582223 -0.063308 0.000000
0.000000 0.000000 0.000000 0.000000 0.000000 0.000000 0.000000 0.688238 0.837185 -0.038750 1.499064 0.737741 -0.064491 1.952056 -1.482478 -1.053118 -0.330468 -0.335356 1.292014 0.000000 -1.246790 1.035907 -1.495559 1.040140 -1.735779 1.990689 0.181712 0.526890 1.379456 1.366488 1.866489 1.176058
0.000000 0.000000 0.000000 0.000000 0.000000 0.000000 0.000000 0.000000 -1.791905 -1.915401 0.000000 -1.484390 0.012882 1.590129 -0.442441 0.000000 0.512122 -1.422752 0.000000 -1.059875 1.942403 -0.785060 0.000000 -1.480572 -1.804935 1.890273 -0.945794 -1.466335 0.074991 -0.561298 -1.878585 -0.226244
0.000000 0.000000 0.000000 0.000000 0.000000 0.000000 0.000000 0.000000 0.000000 0.000000 -0.324268 1.327766 0.879987 0.000000 1.631045 0.930451 -1.603416 1.319758 0.000000 0.000000 0.609124 0.000000 -1.627930 1.647140 0.000000 1.374915 -0.559760 0.000000 0.766574 -1.795338 0.748937 1.375251
0.000000 0.000000 0.000000 0.000000 0.000000 0.000000 0.000000 0.000000 0.000000 0.000000 -1.984327 1.103460 -0.385920 -1.595338 -0.058837 -1.650333 0.738901 0.000000 0.000000 -1.933314 0.000000 0.000000 -1.025541 -1.424528 -1.413542 0.000000 -0.247824 -0.088531 1.722689 1.180046 -1.068566 0.000000
0.000000 0.000000 0.000000 0.000000 0.000000 0.000000 0.000000 0.000000 0.000000 0.000000 0.000000 1.997843 0.000000 -0.666801 0.492551 0.000000 1.745973 -1.151675 -0.212503 0.000000 1.494137 0.000000 0.384174 1.194223 0.000000 0.583712 1.850930 -0.630420 0.000000 -1.901422 0.000000 -0.031993
0.000000 0.000000 0.000000 0.000000 0.000000 0.000000 0.000000 0.000000 0.000000 0.000000 0.000000 0.000000 1.209095 0.254948 -0.032288 -0.575731 0.593028 1.302139 -1.044009 1.111940 1.468046 -1.054100 0.000000 -1.570198 0.000000 -0.308226 -1.068483 0.513388 0.185905 0.730047 0.786756 0.000000
0.000000 0.000000 0.000000 0.000000 0.000000 0.000000 0.000000 0.000000 0.000000 0.000000 0.000000 0.000000 0.000000 1.146892 -1.180083 0.291090 1.155656 0.000000 1.165243 -0.874862 -1.118118 0.677073 -1.153973 -1.773498 -1.932349 0.000000 1.182314 0.000000 -1.263595 -1.634587 0.648929 0.901306
0.000000 0.000000 0.000000 0.000000 0.000000 0.000000 0.000000 0.000000 0.000000 0.000000 0.000000 0.000000 0.000000 0.000000 0.038904 0.967982 -1.046651 0.000000 0.000000 -1.196355 -0.355491 -1.341736 -0.207658 0.944142 -1.518487 1.638258 1.640784 -1.434466 0.733718 -1.577399 0.000000 0.861289
0.000000 0.000000 0.000000 0.000000 0.000000 0.000000 0.000000 0.000000 0.000000 0.000000 0.000000 0.000000 0.000000 0.000000 0.000000 -0.799732 -1.790884 1.175820 0.556807 0.000000 1.220477 -1.062700 0.000000 -0.048399 -0.719936 0.323074 0.000000 -0.468666 -1.478718 0.000000 0.000000 0.000000
0.000000 0.000000 0.000000 0.000000 0.000000 0.000000 0.000000 0.000000 0.000000 0.000000 0.000000 0.000000 0.000000 0.000000 0.000000 0.000000 -1.394943 0.000000 -0.054069 0.000000 -1.371184 1.400531 -1.921394 0.000000 -1.182974 0.024179 0.000000 1.278708 0.000000 0.573716 1.019310 0.315026
0.000000 0.000000 0.000000 0.000000 0.000000 0.000000 0.000000 0.000000 0.000000 0.000000 0.000000 0.000000 0.000000 0.000000 0.000000 0.000000 0.000000 -0.861301 -1.207214 -0.663818 0.854641 1.849352 -0.843399 1.517572 0.841687 0.000000 -1.349956 -0.013026 1.997401 0.000000 -1.211268 -0.762150
0.000000 0.000000 0.000000 0.000000 0.000000 0.000000 0.000000 0.000000 0.000000 0.000000 0.000000 0.000000 0.000000 0.000000 0.000000 0.000000 0.000000 0.000000 0.000000 1.497592 -1.572716 1.494712 0.073462 1.809040 1.862439 -0.324306 -0.565030 1.838983 1.371782 -1.154275 -0.248940 0.000000
0.000000 0.000000 0.000000 0.000000 0.000000 0.000000 0.000000 0.000000 0.000000 0.000000 0.000000 0.000000 0.000000 0.000000 0.000000 0.000000 0.000000 0.000000 0.000000 0.000000 -0.589883 -1.044619 -1.492793 -1.708406 -1.800559 -0.633718 0.000000 1.982581 1.406326 0.000000 -0.939317 -0.758516
0.000000 0.000000 0.000000 0.000000 0.000000 0.000000 0.000000 0.000000 0.000000 0.000000 0.000000 0.000000 0.000000 0.000000 0.000000 0.000000 0.000000 0.000000 0.000000 0.000000 0.000000 0.890734 0.000000 1.466383 0.507332 -1.400363 0.000000 -1.663148 -0.079266 1.455158 0.834334 0.651439
0.000000 0.000000 0.000000 0.000000 0.000000 0.000000 0.000000 0.000000 0.000000 0.000000 0.000000 0.000000 0.000000 0.000000 0.000000 0.000000 0.000000 0.000000 0.000000 0.000000 0.000000 0.000000 -0.723099 -0.779601 0.000000 -0.987204 0.150325 -1.971633 1.938304 -0.056458 -0.372905 0.000000
0.000000 0.000000 0.000000 0.000000 0.000000 0.000000 0.000000 0.000000 0.000000 0.000000 0.000000 0.000000 0.000000 0.000000 0.000000 0.000000 0.000000 0.000000 0.000000 0.000000 0.000000 0.000000 0.000000 1.623647 -1.324563 -1.491558 1.214774 0.303170 0.721003 0.000000 0.263407 1.049445
0.000000 0.000000 0.000000 0.000000 0.000000 0.000000 0.000000 0.000000 0.000000 0.000000 0.000000 0.000000 0.000000 0.000000 0.000000 0.000000 0.000000 0.000000 0.000000 0.000000 0.000000 0.000000 0.000000 -1.590671 0.000000 -0.157309 -0.289833 1.271288 0.580600 1.301760 -0.858384 0.000000
0.000000 0.000000 0.000000 0.000000 0.000000 0.000000 0.000000 0.000000 0.000000 0.000000 0.000000 0.000000 0.000000 0.000000 0.000000 0.000000 0.000000 0.000000 0.000000 0.000000 0.000000 0.000000 0.000000 0.000000 -0.358005 -1.285921 0.000000 -1.356559 1.915789 -1.932123 -1.413567 0.000000
0.000000 0.000000 0.000000 0.000000 0.000000 0.000000 0.000000 0.000000 0.000000 0.000000 0.000000 0.000000 0.000000 0.000000 0.000000 0.000000 0.000000 0.000000 0.000000 0.000000 0.000000 0.000000 0.000000 0.000000 0.000000 0.000000 -0.027879 -1.859363 0.801392 0.007478 1.841467 0.000000
0.000000 0.000000 0.000000 0.000000 0.000000 0.000000 0.000000 0.000000 0.000000 0.000000 0.000000 0.000000 0.000000 0.000000 0.000000 0.000000 0.000000 0.000000 0.000000 0.000000 0.000000 0.000000 0.000000 0.000000 0.000000 0.000000 0.549610 0.000000 -0.707419 1.035473 -0.180172 -1.821648
0.000000 0.000000 0.000000 0.000000 0.000000 0.000000 0.000000 0.000000 0.000000 0.000000 0.000000 0.000000 0.000000 0.000000 0.000000 0.000000 0.000000 0.000000 0.000000 0.000000 0.000000 0.000000 0.000000 0.000000 0.000000 0.000000 0.000000 1.207304 -1.216079 0.000000 -1.576814 0.000000
0.000000 0.000000 0.000000 0.000000 0.000000 0.000000 0.000000 0.000000 0.000000 0.000000 0.000000 0.000000 0.000000 0.000000 0.000000 0.000000 0.000000 0.000000 0.000000 0.000000 0.000000 0.000000 0.000000 0.000000 0.000000 0.000000 0.000000 0.000000 -0.134502 1.775066 0.000000 0.024559
0.000000 0.000000 0.000000 0.000000 0.000000 0.000000 0.000000 0.000000 0.000000 0.000000 0.000000 0.000000 0.000000 0.000000 0.000000 0.000000 0.000000 0.000000 0.000000 0.000000 0.000000 0.000000 0.000000 0.000000 0.000000 0.000000 0.000000 0.000000 0.000000 -0.553336 1.905959 -0.573764
0.000000 0.000000 0.000000 0.000000 0.000000 0.000000 0.000000 0.000000 0.000000 0.000000 0.000000 0.000000 0.000000 0.000000 0.000000 0.000000 0.000000 0.000000 0.000000 0.000000 0.000000 0.000000 0.000000 0.000000 0.000000 0.000000 0.000000 0.000000 0.000000 0.000000 -1.566399 -0.494963
0.000000 0.000000 0.000000 0.000000 0.000000 0.000000 0.000000 0.000000 0.000000 0.000000 0.000000 0.000000 0.000000 0.000000 0.000000 0.000000 0.000000 0.000000 0.000000 0.000000 0.000000 0.000000 0.000000 0.000000 0.000000 0.000000 0.000000 0.000000 0.000000 0.000000 0.000000 1.503732
0.000000 0.000000 0.000000 0.000000 0.000000 0.000000 0.000000 0.000000 0.000000 0.000000 0.000000 0.000000 0.000000 0.000000 0.000000 0.000000 0.000000 0.000000 0.000000 0.000000 0.000000 0.000000 0.000000 0.000000 0.000000 0.000000 0.000000 0.000000 0.000000 0.000000 0.000000 0.000000
