-8.282179 5.536333 14.467839 -6.147955 3.709071 -2.505511 -8.320408 -0.718485 4.493118 -6.477480 5.052288 8.524942 11.192555 -3.667002 -16.486255 -2.655458 -0.365007 13.535022 -9.880929 -0.972660 4.185039 0.169088 7.571421 -14.911139 0.922080 -3.244438 8.461013 8.864794 -7.634242 -11.460438 -5.889560 10.298668
4.315316 -17.668138 -1.189968 -12.521941 -7.640106 10.324879 7.040977 -6.701870 12.428750 3.361429 2.786372 -3.189322 18.171423 7.768231 -10.113852 1.054113 -12.210054 -3.989090 -1.056510 2.164794 14.679093 -7.367628 -11.262801 0.396176 3.493685 -10.372187 12.978926 1.589343 5.248343 9.531470 -1.246263 -0.164515
-7.970060 -5.993134 -0.510455 7.201176 -0.433010 -10.431748 11.333127 6.622105 2.456760 -0.320064 14.564627 4.313129 3.152312 -5.762757 10.560760 -8.971877 1.992484 8.153188 -7.144346 -13.207953 16.506143 -0.372870 1.203331 -14.756797 7.760407 -17.993120 1.382553 -0.112452 -1.967943 -6.960932 -7.084664 -2.841804
0.177813 3.001863 1.669992 3.451367 7.663934 3.694760 5.995508 -2.136549 -3.613712 10.562841 8.890767 -1.058795 14.022715 7.664006 0.919110 -13.755334 -1.551639 2.777234 -4.938924 -2.634877 13.074976 -1.871036 -1.685771 -10.329196 -2.596577 -11.233157 17.260118 -19.549817 0.568426 6.137694 2.369796 -0.388512
6.198688 5.177801 2.843565 5.286243 -3.908966 8.570987 10.818118 -10.943444 -6.235028 4.257063 -6.051448 -8.722267 2.310519 8.700763 -11.032803 -8.276562 4.753991 -1.028525 8.896090 -3.726219 -10.448986 5.852604 -10.008870 7.923705 -8.279361 10.956201 -7.390943 -6.859027 3.786256 8.634838 22.923988 -3.004886
31.366934 -1.517025 -4.000190 -0.425799 3.514269 -3.511089 -15.776332 4.480623 0.898054 -9.634486 -1.509379 5.146826 -5.411402 -2.200394 -1.092939 -6.280274 0.407901 -0.372550 -4.974764 6.569476 -6.419807 12.830680 10.830019 -0.635750 -2.635462 8.217322 -11.178265 2.943040 -4.888704 -5.850116 -4.489888 14.605195
-6.285919 10.407406 -20.689058 -7.986242 8.318032 18.946122 35.543111 -5.310903 -9.148805 -0.374050 -16.050070 15.359134 -1.398108 -0.461603 -1.302999 11.483906 -3.994990 -6.831795 -13.773755 -11.805721 15.283170 4.269215 -10.555996 4.723857 -0.588836 -11.904310 1.646854 -20.341548 0.248264 9.653025 -2.474316 5.694977
13.656911 -14.887078 4.307270 -7.055529 3.080073 -10.265998 -13.217831 -13.007957 6.460013 3.547080 5.634845 -0.704828 -0.502323 -0.294407 -2.957726 4.550155 -5.747383 -0.343512 13.273366 -5.487701 4.242866 -9.173775 -3.346719 -1.980262 -4.981364 -9.668784 8.537955 17.211286 -3.079640 8.416388 1.136952 -6.566131
1.138652 -5.011480 -8.289348 -4.342305 1.236202 12.048111 -2.445424 -9.161872 -10.363094 -6.635221 -11.734132 6.038232 -1.953146 -0.569651 6.687534 2.343062 -7.380158 -3.647563 -3.779785 1.615236 0.331016 7.418618 2.220732 -2.872709 -3.494367 -4.753833 -2.138787 -1.181931 3.468675 7.886847 -6.186670 3.816571
12.705231 1.095817 3.063455 6.919632 0.429685 -6.045455 4.623705 9.038821 1.314539 -14.731967 8.935463 -4.114701 7.703007 8.168079 -1.120401 -2.402781 -5.122343 14.449159 -9.895470 16.890843 0.882092 9.241497 -13.307471 4.985466 15.261532 -7.834244 -8.483803 -9.031327 -7.597356 -10.239282 3.725548 -2.478604
-0.079723 1.895117 4.782817 -12.845844 -0.394720 12.749459 -13.317471 4.115611 -8.226574 3.907401 9.936904 -5.223322 -5.608386 5.295124 -7.001933 2.329079 2.578304 1.226491 -5.874431 -5.355786 -7.609762 -0.066994 -3.049503 4.161992 9.850445 -1.996152 0.080874 -9.976610 -4.662887 -3.958354 -10.161299 3.463291
1.053637 -8.637106 -4.071368 -8.339016 -0.277104 3.929253 -19.743431 7.560912 0.562884 -11.661643 -6.313521 3.033740 -7.618920 1.444244 -3.616958 8.404327 -8.832249 -8.852044 -8.996064 -6.246562 5.569579 6.443573 7.940239 4.413201 -5.347160 2.553826 -1.299663 11.796345 -0.753076 -4.104228 -0.965321 -0.098917
1.825324 -5.128607 -7.658435 -5.654622 -0.132334 8.555425 -0.892227 0.664524 7.058396 1.575333 2.842501 -14.062075 -12.181769 -5.225684 4.003225 -5.536795 -3.131609 -14.977866 -11.858724 0.920124 15.136230 8.275082 10.982690 14.552362 2.440928 13.688827 -0.697585 1.198744 9.865119 -4.317169 0.030000 5.733260
-0.430105 -7.017967 0.308077 5.743859 5.703406 -8.238047 13.981718 13.743339 1.765251 -2.802151 2.780311 -2.072606 2.238388 -8.325129 0.579141 -24.620259 12.158055 8.512483 -3.082513 -1.808719 10.448325 -0.221103 13.524309 13.541624 -6.618675 -6.571827 -1.415921 6.347952 6.907979 5.641301 13.995675 -8.774504
-13.926760 4.206769 0.175951 3.976183 1.523275 2.935782 9.748640 10.824182 -15.593268 0.019902 3.210334 3.514526 -13.168393 -20.146585 8.142418 -2.281634 12.530641 3.550568 3.317510 -11.709329 10.710763 -0.429636 -0.573050 -4.545136 17.214648 4.798135 -8.384005 6.931299 -3.137246 -4.279585 -17.895841 1.142822
2.950444 6.992147 1.294020 4.453041 0.432685 4.897961 5.615704 16.112054 -2.827076 -14.993485 -6.691648 12.165389 -0.005415 5.917503 -2.844434 4.586857 -3.008209 -4.023821 -2.743525 5.551472 11.584850 8.572872 7.756286 12.410894 -17.166241 3.032358 -4.142339 -7.497898 -2.214529 -15.571201 -13.540720 -3.714909
0.613102 2.182411 2.057436 2.590534 14.144985 -0.510223 -1.844285 -3.732090 1.565425 -16.061630 -4.202745 -0.643853 0.446250 -11.709922 7.531925 2.316288 -0.584559 -2.115648 1.985853 7.665657 -2.976604 -1.777864 5.025671 15.083831 -10.463116 -2.288439 -5.499428 -3.278074 10.024590 9.589253 11.293526 2.397219
-5.030496 3.212425 -12.766575 -4.020264 7.085565 -0.759910 -0.829684 -6.667704 -3.046984 12.163357 -7.854495 8.846109 0.403741 2.945877 5.279222 13.546892 5.744727 -4.110075 10.472301 -5.612506 0.784823 -5.162831 -10.186421 -0.515114 4.474914 -2.785358 -6.715945 18.779547 -0.191364 7.046767 -0.154723 8.291492
-10.699227 -3.265080 -11.980991 -16.970378 18.188193 6.668155 0.791288 -7.158175 4.922152 2.331253 1.096114 3.583875 0.790512 8.973655 -0.638507 14.141171 -5.983192 -11.073724 -7.802266 -5.487492 9.720973 -2.456518 0.107889 4.011536 -4.063912 -2.972232 -6.368848 1.129025 -9.257278 2.876149 7.751412 2.282029
-0.000559 10.515743 -0.126655 14.513020 1.744411 -8.353033 5.248340 13.038832 -7.119034 2.224360 -1.426577 11.601446 0.908304 0.569422 3.907630 2.849920 -2.876837 9.315771 1.902617 -2.439887 -14.045192 3.535701 10.008688 5.005545 0.622903 5.481450 -7.013314 -11.569619 2.503672 -6.702243 -8.891623 2.410278
-8.889202 -9.229618 -14.834459 18.474700 -7.480967 0.194256 7.217613 -8.473649 6.466204 2.373306 -3.622056 1.390139 15.913425 -9.354688 -2.036173 16.649122 1.498604 4.231560 2.816733 -7.312191 -3.558381 -12.993775 -7.190966 -1.672737 5.768391 -8.856514 -8.121250 0.357141 0.175722 -1.172052 2.534630 -11.298587
-11.033977 1.470051 9.088543 -5.386062 -0.961101 -9.686621 -4.609620 2.436785 -3.406421 -4.585513 -8.305959 1.354932 0.632241 -0.303107 6.097606 -11.760374 -2.801891 1.114667 -9.585515 -0.871468 8.719676 6.605576 -4.556199 1.495422 12.510544 -11.852091 6.707527 5.633508 3.283771 16.930041 -7.981987 4.750740
4.456001 -6.518298 -4.921014 -4.668647 10.695479 -2.406244 -19.183981 4.568827 -7.057501 -8.038241 -8.566823 10.839978 7.966565 8.442761 -11.700624 1.591184 19.874488 13.883973 5.893658 9.079746 -13.773313 3.216185 1.378316 11.648416 3.603649 2.414694 0.077317 1.831286 1.255528 -6.311135 4.030862 -9.477563
-2.413166 -3.670251 -1.148401 9.388351 -8.942412 -2.821666 6.496023 7.556645 -2.476554 5.700233 -2.553611 -1.006896 -5.009780 5.586459 -3.326566 -7.050068 5.472194 -10.419372 2.039460 0.050587 -16.387678 8.358703 2.431069 15.682703 6.072928 8.383870 -4.718573 -7.699953 15.044176 3.489252 12.815778 -2.842370
3.357441 -1.142302 1.411591 -5.744895 7.456191 6.021323 -0.798334 -8.087239 -8.813765 14.480574 -2.649323 8.897120 -3.593913 -8.727019 7.741910 -8.942348 9.726085 5.043462 2.717448 -4.390081 1.624325 -3.764921 -2.963713 -22.433502 -6.048373 6.035240 7.751269 12.268634 -10.427873 -9.185912 -1.403860 1.083598
11.767273 -4.215170 -1.696584 0.986764 1.029929 3.946992 -7.930960 12.287146 7.843656 -2.431466 -2.329956 3.618804 12.131755 -1.141557 -2.581497 -9.296122 3.007416 18.022348 -4.672350 17.451763 -0.613976 9.252780 15.063496 0.955875 14.592526 0.269507 6.291028 6.019207 -3.638351 -2.984592 1.422131 -5.852786
-4.839916 7.586501 -0.007615 -12.026657 -4.725477 13.603618 13.712817 1.265984 -4.748888 -5.522381 -4.485545 1.467080 2.916823 -2.997682 -5.802378 -7.922314 -8.747923 -4.256513 -14.324873 5.118731 17.129816 -17.156972 -2.143049 20.853477 12.963521 -3.780618 -5.125161 5.726841 0.060900 7.438809 8.953797 6.222958
-3.352104 12.347818 -8.040509 4.033133 -2.557960 -1.829296 0.113693 16.009440 11.580786 -0.768936 -2.516077 3.246766 0.070832 7.843936 2.966970 -2.858002 2.432922 -1.954538 -11.223294 2.022523 3.574485 -1.632934 -9.115052 6.952021 8.802247 1.564604 -0.023408 6.017623 8.602471 0.841280 8.026752 9.242708
-7.678504 14.896748 7.735256 4.280611 2.199004 -3.123670 -6.697485 -21.683178 -1.122755 4.144238 22.963002 4.508361 -6.325540 -5.287098 5.294460 3.993273 -5.864282 -11.626061 0.814094 -0.660050 -5.400661 6.642438 4.603417 -11.626490 9.940666 -4.329378 -0.559696 -0.438836 -3.863331 4.899531 -19.806955 -16.974086
8.821955 3.240438 -2.384873 -7.648205 -2.125061 -7.112021 -10.638857 -9.117280 3.432249 0.886535 12.664986 4.646689 -0.882927 7.079123 -7.676256 -5.144008 -0.048352 -1.396303 1.395109 8.305786 -9.621962 -2.179710 -6.148013 2.635787 4.555876 2.683186 -6.748853 2.091873 0.147090 -0.864240 -5.089624 8.145247
-0.989409 5.561753 -1.313976 15.187113 9.753228 -6.495345 -2.976330 11.524808 -1.873091 5.453246 -17.437992 16.467480 -4.473476 2.079542 16.209211 -11.070313 3.391766 15.068493 -4.904715 3.882662 0.248071 -0.385268 7.823832 -5.963000 6.403239 -0.672833 -3.133658 9.558149 -5.104753 -17.171640 -13.842488 3.662788
0.040156 -5.995463 -6.794631 14.583007 -24.322619 -1.657544 14.148862 5.361494 -10.189872 -16.236817 1.176899 -3.467723 2.754925 -2.396730 3.994651 -15.670703 -4.685383 10.025818 -8.618114 6.650618 -5.907271 -8.618094 -6.783604 -3.902705 -3.400079 0.472022 3.372229 -11.714450 -0.000231 -22.104575 -15.363126 4.118351
