3 40000008 1 0 0 0 0
0 40000010 1 0 0 0 0
10001 40000014 1 0 0 0 0
8 40000018 1 0 0 0 0
18 4000001C 1 0 0 0 0
180 40000020 1 0 0 0 0
8 40000024 1 0 0 0 0
4E 40000028 1 0 0 0 0
3552 4000002C 1 0 0 0 0
1C20 40000030 1 0 0 0 0
E10 40000034 1 0 0 0 0
0 40000038 1 0 0 0 0
0 4000003C 1 0 0 0 0
8 40000040 1 0 0 0 0
18 40000044 1 0 0 0 0
1A 40000048 1 0 0 0 0
222 4000004C 1 0 0 0 0
10 40000050 1 0 0 0 0
3552 40000054 1 0 0 0 0
0 40000058 1 0 0 0 0
6AA4 4000005C 1 0 0 0 0
A2E4 40000060 1 0 0 0 0
83820000 40000064 1 0 0 0 0
600080E0 40000068 1 0 0 0 0
0 4000006C 1 0 0 0 0
80040023 40000070 1 0 0 0 0
201D407B 40000074 1 0 0 0 0
20111355 40000078 1 0 0 0 0
4E001000 4000007C 1 0 0 0 0
D00 40000080 1 0 0 0 0
0 40000084 1 0 0 0 0
3FE01008 40000088 1 0 0 0 0
C08040 4000008C 1 0 0 0 0
1C18141 40000090 1 0 0 0 0
100E10 40000094 1 0 0 0 0
100001 40000098 1 0 0 0 0
100010 4000009C 1 0 0 0 0
1FFFF 400000A0 1 0 0 0 0
80040003 400000A4 1 0 0 0 0
18060000 400000A8 1 0 0 0 0
800600 400000AC 1 0 0 0 0
1800600 400000B0 1 0 0 0 0
40 400000B4 1 0 0 0 0
3 40000000 1 0 0 0 0
0 0 0 0 1 0 0
3 4000000C 1 0 0 0 0
0 50000014 0 1 0 0 0
0 50000018 0 1 0 0 0
0 0 0 0 0 0 1
0 0 0 0 0 0 0
0 0 0 0 0 0 0
0 0 0 0 0 0 0
0 0 0 0 0 0 0
0 0 0 0 0 0 0
0 0 0 0 0 0 0
0 0 0 0 0 0 0
0 0 0 0 0 0 0
0 0 0 0 0 0 0
0 0 0 0 0 0 0
0 0 0 0 0 0 0
0 0 0 0 0 0 0
0 0 0 0 0 0 0
0 0 0 0 0 0 0
0 0 0 0 0 0 0
0 0 0 0 0 0 0
0 0 0 0 0 0 0
0 0 0 0 0 0 0
0 0 0 0 0 0 0
0 0 0 0 0 0 0
0 0 0 0 0 0 0
0 0 0 0 0 0 0
0 0 0 0 0 0 0
0 0 0 0 0 0 0
0 0 0 0 0 0 0
0 0 0 0 0 0 0
0 0 0 0 0 0 0
0 0 0 0 0 0 0
0 0 0 0 0 0 0
0 0 0 0 0 0 0
0 0 0 0 0 0 0
0 0 0 0 0 0 0
0 0 0 0 0 0 0
0 0 0 0 0 0 0
0 0 0 0 0 0 0
0 0 0 0 0 0 0
0 0 0 0 0 0 0
0 0 0 0 0 0 0
0 0 0 0 0 0 0
0 0 0 0 0 0 0
0 0 0 0 0 0 0
0 0 0 0 0 0 0
0 0 0 0 0 0 0
0 0 0 0 0 0 0
0 0 0 0 0 0 0
0 0 0 0 0 0 0
0 0 0 0 0 0 0
0 0 0 0 0 0 0
0 0 0 0 0 0 0
0 0 0 0 0 0 0
0 0 0 0 0 0 0
0 0 0 0 0 0 0
0 0 0 0 0 0 0
0 0 0 0 0 0 0
0 0 0 0 0 0 0
0 0 0 0 0 0 0
0 0 0 0 0 0 0
0 0 0 0 0 0 0
0 0 0 0 0 0 0
0 0 0 0 0 0 0
0 0 0 0 0 0 0
0 0 0 0 0 0 0
0 0 0 0 0 0 0
0 0 0 0 0 0 0
0 0 0 0 0 0 0
0 0 0 0 0 0 0
0 0 0 0 0 0 0
0 0 0 0 0 0 0
0 0 0 0 0 0 0
0 0 0 0 0 0 0
0 0 0 0 0 0 0