-1.380130 0.666687 4.770315 -1.482271 9.565252 -2.512187 -7.440167 -1.473410 2.938572 2.176546 2.833903 -3.559907 8.079861 -2.028768 -10.572014 1.398685 -7.278280 2.135422 -0.749265 -4.113259 -3.194250 -6.058020 6.706604 -8.655921 -3.321690 -2.815926 -1.559711 1.233821 -7.756205 -2.771266 -8.557458 4.701472
-4.961030 -16.463364 0.844883 -15.224246 -8.396638 8.059510 -4.147453 -5.893135 7.220075 1.282656 8.637700 -0.320861 10.545269 -3.361695 -10.913266 7.727105 0.416022 -2.591137 2.474620 -0.577097 -0.834216 -8.588875 -8.650199 -3.269695 4.456631 -4.244769 7.077343 8.018478 4.240256 2.134299 -1.889500 2.550287
-4.404431 1.186954 6.342736 1.481716 -6.952821 -1.950740 11.947484 8.245245 5.204731 -0.027303 9.088671 3.086141 1.007505 -2.113304 11.713095 -4.165921 2.742029 6.257015 -1.306853 -3.908195 11.641767 -1.699747 -6.138784 -12.734060 2.428490 -11.020982 1.370873 3.389690 -0.125488 -5.772349 -5.277091 -2.125352
-7.471597 1.838950 4.435973 -7.447771 3.808220 1.251955 -2.561131 0.096521 -1.079748 3.581712 6.130324 -1.868913 3.873044 4.189957 0.861269 -12.193777 5.754871 3.381299 0.707417 -1.453976 0.289157 0.472848 -3.628285 -2.672837 -2.994566 -3.369294 10.713789 -17.178475 -5.083608 2.280364 -9.157578 3.958498
0.664554 2.507450 -3.301082 0.578070 -2.008051 -3.047293 0.492686 -9.732676 -9.429019 3.724737 -6.528995 3.011141 -0.227486 3.440548 -4.356952 0.886683 4.117516 0.395871 7.325473 -5.868250 -8.812118 2.107929 -7.628732 -2.540821 -6.821056 8.785460 -3.752556 6.826600 -4.522644 -0.849728 15.248083 3.980819
19.747716 5.398774 3.693587 -2.179309 2.192968 -5.315813 -13.095785 4.369792 10.894575 -0.061939 1.000358 0.947972 -6.452273 4.116199 -3.181503 1.573476 -5.532898 -6.931228 -6.656494 8.021720 -1.076375 3.226503 7.155684 6.619209 0.544653 2.048587 -8.580911 0.269739 2.999779 2.513002 -4.029913 4.120238
-14.197232 6.619889 -10.712469 -6.197413 -1.460317 5.942681 14.245513 -2.766716 -3.977072 0.100211 -4.783329 1.748195 4.571311 -6.188340 7.254584 5.632898 -4.938485 -5.269913 -4.965051 1.692254 9.397431 7.390138 -11.944107 2.981706 0.293721 -2.240160 0.330848 -4.854098 -2.470209 -0.694261 4.437695 0.703081
9.810128 -6.352619 3.931691 -0.834021 4.556860 -11.340044 -2.256337 -12.760878 6.109793 -0.463380 5.707605 -0.831172 0.716751 -2.245609 -11.663836 -0.541852 8.575370 0.106326 4.694896 -1.458842 1.626582 1.231385 -3.456576 -1.172671 0.177158 -0.827281 -2.356270 11.196599 -2.250983 1.794179 5.458801 -1.659786
-8.693172 3.006580 -3.313024 4.351008 -7.795280 4.074185 0.010088 -0.004294 -2.918716 -4.994067 -3.357450 1.165955 -1.761440 -1.353385 1.454211 -0.475369 -8.718565 0.771588 -2.964823 7.490295 -3.513951 -1.892528 0.252838 4.194500 0.768109 -0.057299 0.827626 -3.635298 4.977326 -1.197680 1.586843 2.240532
6.138512 -1.628463 0.781603 11.877552 0.458914 -6.861654 2.924890 9.681095 0.510488 -11.651897 6.176590 -8.195136 -3.387245 -6.674138 3.323535 -10.373639 -5.392515 3.484108 -5.528157 5.230022 1.478395 1.688105 3.674715 9.101705 6.350443 -5.104300 -4.004887 2.290905 -3.524752 -10.271000 -4.307974 -4.232145
1.386655 -3.174581 9.039171 -1.996865 1.951793 5.191195 -4.767848 3.452082 -1.686273 4.985144 2.523629 -0.332544 -2.306311 1.888903 -4.166151 0.466583 -0.709647 -1.421799 -5.800419 -3.825053 -6.412011 2.514175 5.825069 -0.280939 6.116069 0.167032 1.741193 -3.771511 -3.813504 -3.496764 -8.535450 2.041824
7.001178 -5.836256 0.199130 1.095028 -4.675299 -0.406227 -5.842251 10.385730 2.583763 -4.934702 -6.174125 7.372871 -3.725389 1.167474 -7.820234 0.691235 -6.064677 -0.528512 -9.349908 0.928533 -0.004382 -0.896840 4.222611 7.849274 2.759030 4.901893 -4.318252 9.923534 2.081925 -6.667109 1.783580 -0.735081
2.745102 -1.908766 1.946973 -1.290533 1.008402 9.838781 -2.493495 -7.377029 -3.755603 1.433296 5.950229 -7.052462 -3.427481 -11.372545 3.345969 0.543600 -6.069506 -3.782537 -5.913033 5.407633 9.237477 2.424562 5.862998 2.769118 -3.369931 8.030628 3.049887 3.511046 7.992106 -7.686402 -1.013378 -0.606530
-0.150907 -4.281509 -1.954924 -0.750529 3.175120 -4.997962 8.766310 12.387560 1.599004 -1.122647 -2.818694 9.967248 4.421769 -2.995361 3.848912 -5.388117 13.617137 6.895903 -0.878954 -2.434371 7.326907 7.240773 1.550805 6.151522 0.897551 -9.195825 1.712548 4.466259 4.230315 7.907271 9.539253 -6.456148
-1.559089 -0.361007 -1.316794 11.273126 0.319816 1.267866 13.543129 6.088255 -6.620773 4.045167 3.537312 -3.138410 -5.753489 -11.427370 12.712443 -7.371723 5.524145 0.071509 1.719495 -2.805034 4.761526 -0.928738 0.546042 -9.595818 4.040659 5.068953 -12.734662 9.737382 -0.580868 -5.597207 -4.695282 -3.029353
5.064955 6.880807 10.972729 -0.997086 -2.402592 7.665178 0.178082 4.071114 2.001788 -2.129251 1.838773 12.504864 -9.036042 2.893181 0.095102 -6.172089 0.916492 -3.516901 -4.194561 1.526656 6.238361 0.330844 2.022686 3.842617 -8.607375 1.526150 -3.319674 -9.698227 6.358678 -0.039825 -9.395327 -3.785957
-0.345275 2.029981 0.240396 -1.498545 10.383077 -2.019918 -3.695604 -0.642085 0.709785 -12.870342 -1.663049 -2.458334 3.829990 -3.668996 4.423254 -0.775287 -1.680860 1.216155 5.487079 9.433965 1.066793 0.442099 0.577480 11.932146 -6.554010 -2.134814 0.328686 -8.650812 6.491653 8.642123 1.764521 -1.209468
-2.730504 3.556472 -3.880448 -12.112853 5.989565 -2.958900 -1.304794 -5.539783 -4.012388 9.976471 -3.933851 -0.113878 -2.045627 -7.806084 2.194855 1.826537 16.000429 2.007391 13.528658 -1.606292 12.037602 2.978742 -4.863310 -2.537110 -1.276740 5.456828 -2.724256 19.935743 3.075231 7.391625 6.326026 9.097927
-8.093060 1.375090 0.349491 -12.082601 10.038090 7.025841 -0.874286 -0.524885 -0.386988 7.356534 2.231347 3.141974 2.776587 -1.340946 -1.233631 3.353319 0.373013 -5.496383 -1.837961 -0.845615 7.907427 -1.230485 0.200572 6.638791 -3.219963 2.549457 -1.202669 4.946548 -4.868641 -3.982582 8.264375 2.387217
-0.548344 11.193940 -0.062243 8.831583 4.194768 -2.331964 2.643047 6.812960 -9.009804 8.085840 -4.772540 3.593125 -2.841018 3.084871 11.993091 0.043532 -2.882677 2.595045 0.271789 -3.656589 -12.632652 2.905753 10.164363 0.064981 -0.780880 4.257209 -1.720391 -10.928679 7.458353 -0.004272 -10.539840 1.303639
-10.181527 -6.091095 -7.550373 4.992357 -5.831740 -3.826088 7.080625 2.659389 6.247385 -1.429392 0.536171 2.773021 9.413751 -4.539566 -4.710985 2.073836 1.836259 7.100893 0.910297 -2.523581 -1.464512 -5.652854 -2.809142 -4.134316 4.452985 -11.137076 -1.761172 -0.400400 -0.237595 2.294443 0.587883 -2.766160
-6.555598 2.600386 -2.160677 -2.130162 -13.376538 -2.262690 2.365302 4.937975 -1.977892 -8.554180 -5.155157 -0.086172 0.132143 0.684235 4.160278 -1.906122 -4.477953 -4.139258 -11.377686 3.636018 -1.570650 5.240202 -3.527661 2.719973 9.323157 -6.061952 -0.524154 -1.835615 -0.166411 12.740974 -6.427248 9.207927
5.469895 -9.368655 -3.219336 0.067317 -0.884503 -8.434748 -10.188433 7.458540 4.515254 2.595035 -8.682859 14.925500 1.857582 7.579031 -14.217590 -4.299047 10.063808 6.790082 2.628492 4.528541 -10.077669 -6.192966 -1.603594 9.786039 4.995574 -0.068485 7.981096 -5.504003 6.190161 -0.370671 9.430961 -6.840038
-0.882972 0.127149 0.659442 2.575663 -3.255186 -0.908640 0.045905 0.984572 -8.167742 -2.019793 -2.776139 5.478323 -4.299315 5.329979 -2.682449 -4.076783 0.780544 -1.842871 -5.701013 0.768452 -5.672258 3.289933 2.620155 6.860006 4.145158 3.033650 0.393802 -7.020554 3.670708 3.233481 -1.801773 0.875101
-0.931436 5.885729 -5.241850 2.118440 0.401565 5.934708 5.737739 -2.110144 -6.515007 14.385722 1.627438 0.446890 -5.200297 -3.132390 9.064763 -2.116673 6.099705 0.014629 3.285091 -2.104284 -3.507555 -2.050919 -1.986541 -12.285113 0.105984 4.763416 3.949810 3.937222 -7.356825 -9.133384 3.370710 -4.219721
6.801878 -0.271874 -4.564315 0.614508 0.165967 6.814016 -8.005688 7.559596 3.851139 -0.361431 -5.717492 2.204824 4.396360 -10.178038 -2.135775 -0.857265 1.118783 13.747439 -4.847466 11.468210 -1.632592 -0.971695 12.744834 5.408662 12.642972 -0.151468 7.870185 -0.227564 -3.376111 -0.155172 -0.646584 -7.514284
-13.096564 -2.032434 -4.771391 -1.219360 1.428150 -0.109686 11.711722 3.748268 -3.358928 -0.473243 1.456442 2.646925 5.821411 -11.752663 -0.891139 -4.748644 -3.081083 1.546756 -4.769801 -1.209076 8.511950 -11.520199 0.155267 7.907054 7.527511 -3.753549 -6.597149 7.832920 -1.668478 0.083995 4.866945 1.951344
4.246364 0.067905 -5.626811 3.237663 -3.041227 -9.764218 -1.397221 13.101156 7.888546 1.941008 4.397142 1.702122 -0.020808 -0.593819 11.600766 -5.219506 2.875970 -5.517194 -7.079682 3.936110 2.514685 0.866849 -0.440035 -0.365501 7.072306 2.338673 -2.230072 8.825096 3.051816 4.401338 4.221035 4.461653
9.520094 16.932707 3.687171 7.400823 -3.559600 9.682078 3.521477 -14.335053 -3.228609 -1.421843 10.017510 -0.249606 -4.449546 -5.192708 -2.744946 -4.071380 -9.267275 -10.292855 -2.496591 3.298817 -2.690174 2.214157 5.794177 2.898679 -6.623118 1.130858 -2.739201 -1.293559 -2.923650 0.722113 -6.898949 -5.953729
3.532378 2.719384 -5.671563 3.364153 5.098184 -8.954050 -0.790429 -9.219213 -1.123487 2.855846 3.406988 3.064833 -1.748252 -0.612310 -5.265822 -1.001821 3.197289 -5.256017 4.656644 -1.122011 -6.159100 -1.813648 -4.446859 3.927544 -0.935536 5.973442 -5.276678 0.555379 2.944589 -4.266117 -0.129895 3.838840
-1.909954 9.396996 -3.506871 9.795103 2.587774 -1.163078 2.698480 9.085710 -2.303020 5.710442 -13.037396 10.063090 -3.497231 1.189378 8.934001 -5.443880 -1.052772 7.156206 -4.374062 -1.131779 6.793393 2.862623 9.028321 1.978472 1.051521 -3.339485 -4.723149 -2.757348 1.635964 -12.740775 -4.529394 -1.380137
-1.387270 -7.243108 2.311886 9.318768 -14.743141 0.462573 5.311568 3.370932 -4.729165 -10.548462 6.162437 -6.209465 0.714813 -1.380031 3.753148 -13.860551 -3.112729 3.419041 -11.923240 -0.574937 1.652870 -2.549263 -1.200163 -1.257658 4.435680 -4.733698 2.077825 -12.300523 8.229066 -6.697374 -7.617281 0.752149
