-0.501840 0.000000 0.927976 0.394634 0.000000 -1.376022 -1.767666 1.464705 0.404460 0.832290 -1.917662 1.879639 0.000000 -1.150644 -1.272700 -1.266382 0.000000 0.099026 0.000000 -0.835083 0.000000 -1.442025 -0.831421 -0.534553 0.000000 1.140704 -1.201305 0.056938 0.000000 -1.814198 0.430179 -1.317904 0.000000 0.000000 1.862528 1.233589 -0.781545 -1.609312 0.000000 -0.239390 -1.511847 -0.019292 -1.862446 1.637282 0.000000 0.650089 -0.753156 0.080272 0.186841 -1.260582 1.878339 1.100531 1.757996 1.579309 0.000000 1.687497 -1.646030 -1.216069 -1.819091 -0.698679 -0.445291 -0.914604 0.000000 0.000000
0.000000 0.170784 -1.436303 0.000000 -1.701797 1.947548 0.000000 -1.205137 -1.977912 1.261846 0.827429 0.916029 1.085081 -1.703821 -0.566137 0.000000 1.452414 0.493193 0.000000 0.000000 -0.756071 -0.699267 0.918425 0.550230 0.000000 -0.111140 0.000000 0.852979 1.043140 0.245109 1.083869 -0.024818 0.090931 -0.289836 -1.898323 -1.568434 -1.874283 0.545642 -0.742576 0.000000 1.630266 -1.002831 0.000000 0.000000 0.000000 -1.692080 -0.840994 -1.355115 1.718791 1.232482 0.533615 1.485842 1.214688 -1.253720 1.570236 0.000000 1.229761 1.584365 -0.727986 0.000000 0.000000 -0.291569 0.000000 1.442922
-1.972191 0.042989 -0.330356 -1.111569 -1.520539 0.000000 0.000000 -0.707188 0.075162 0.812076 -0.545482 1.887128 1.849789 -0.992871 -0.011006 -0.796487 -0.860638 -1.852452 0.000000 0.010716 -1.794085 -0.885414 1.633064 -1.041752 -1.420421 0.000000 1.942602 0.000000 0.688542 1.046478 -1.049450 0.912865 -0.528867 0.529223 0.534119 0.143099 0.000000 1.341210 -0.716880 -1.253926 -1.836899 0.363572 0.710257 0.000000 0.048372 -1.094017 0.000000 0.000000 0.000000 -0.453059 1.746920 -1.449916 -0.635735 -1.546106 1.698774 0.000000 -0.968233 0.639936 1.268889 0.220803 0.118602 0.000000 0.000000 0.000000
1.601672 0.000000 -0.643881 -0.603162 0.903823 1.588441 0.000000 1.119502 0.568127 0.000000 0.000000 1.594217 0.425716 -1.963212 -1.594114 0.654007 -1.979754 -1.356768 0.194935 0.767581 0.607845 -1.102923 0.848717 -1.051004 -0.698401 0.985966 0.598532 1.396894 0.000000 0.273234 0.000000 -0.529137 -0.939191 -1.024041 1.892042 -0.427609 1.568186 0.524555 1.179245 0.000000 0.307616 -0.029929 -1.219028 0.000000 0.000000 -1.902736 0.581889 -1.291557 1.761834 0.000000 1.659458 -0.519365 0.000000 1.713274 0.000000 0.000000 0.000000 0.000000 0.000000 -0.459609 1.404547 -0.732312 -1.322029 0.227205
1.744619 0.784119 0.000000 -1.611294 0.000000 1.960215 -1.439664 0.073319 1.509492 0.963074 0.788063 0.000000 -0.562035 -0.825633 1.237445 1.240454 1.468289 1.652962 0.045370 0.006065 1.193181 0.599856 0.807868 0.000000 1.560021 0.000000 -0.497668 0.000000 0.313121 -1.856231 0.000000 0.170579 -0.853835 0.363333 0.000000 -1.850607 1.290402 0.000000 0.000000 0.088973 1.079974 -1.136716 0.491562 -1.658610 -1.793273 0.000000 0.162540 0.549720 0.904365 1.903408 0.065201 0.000000 1.180745 0.000000 -0.244114 0.000000 0.000000 1.850594 1.343920 0.783897 -0.364188 0.000000 0.000000 -0.999028
0.196907 0.858384 0.640790 -0.880264 1.819461 0.951588 0.217416 0.446883 -0.321600 -1.009076 -0.576109 1.031384 -1.942426 -1.535709 -1.815989 -1.837085 1.421842 0.814631 -0.103305 -1.608663 -0.033536 -0.106113 -1.307193 0.000000 -0.405981 0.000000 0.540375 -1.818784 0.000000 0.000000 0.012545 1.425959 0.634775 0.000000 -1.717725 0.569677 -1.893955 0.343102 1.760921 0.000000 -0.447320 0.573153 -0.166988 0.000000 1.765859 0.000000 1.844762 1.621403 -1.216835 0.000000 0.000000 -1.927113 0.000000 0.000000 -1.715245 -0.724097 1.379501 -1.906912 0.000000 -0.872581 -1.527341 0.786949 0.515771 1.509888
0.940284 1.213924 -0.871862 -1.290242 1.002459 1.227339 1.962021 0.000000 -0.511928 1.105652 -0.636786 1.723029 1.433651 -0.284024 1.003484 0.000000 0.000000 1.610212 0.021009 1.305830 -0.719802 1.582093 -0.443193 0.000000 1.621528 -1.634853 -0.722745 1.800248 1.802429 0.293752 0.527349 -0.206218 -0.827157 0.000000 0.690074 0.000000 1.166316 1.158473 0.000000 -0.022319 -1.769765 0.198116 -0.233878 1.550817 0.000000 -1.531732 0.000000 1.046043 0.472872 -1.595509 -1.663573 0.000000 -1.708948 1.287440 0.824969 -1.674605 -1.660649 1.946558 -0.502917 0.000000 1.251198 1.788994 1.944004 1.013513
-0.494962 -1.665997 1.108588 0.233617 -0.303112 1.625418 -1.555210 -0.029500 0.000000 0.000000 -1.774787 -1.524728 -1.529895 0.596841 0.000000 0.333475 1.848690 -0.500518 -0.857152 1.474397 0.000000 1.852890 -1.951382 1.879515 -1.827360 0.000000 0.110804 1.971859 -1.704814 0.215417 0.000000 0.092391 0.000000 0.782995 -0.181836 0.510232 0.337257 0.000000 -1.818214 -0.876147 1.801646 0.000000 -0.177373 0.480530 -0.890475 -1.247515 -0.145206 -0.586591 0.000000 -1.689061 0.000000 1.944843 0.792647 0.000000 -0.761890 0.000000 0.738925 -1.349532 0.000000 1.290149 1.799200 0.902878 0.000000 -0.327028
1.730914 1.464256 0.000000 0.000000 -0.494147 1.242213 0.000000 -1.398332 0.376523 -0.476437 1.879658 1.368476 1.353315 -0.125227 0.000000 -0.906372 -1.774498 1.458890 1.251604 1.998871 0.000000 0.221727 1.075950 1.779063 1.398590 -1.010608 0.000000 -1.483362 0.000000 0.424699 -1.085429 0.686803 0.472513 -0.567349 0.000000 0.686293 0.081231 1.089274 0.080654 0.000000 0.207627 0.000000 1.506614 -0.386069 0.000000 -1.884869 0.000000 0.481238 0.816319 0.000000 -1.454514 0.000000 0.000000 0.359671 -0.431024 0.000000 1.616635 -0.606978 0.055958 1.134612 -0.413829 0.488347 1.449455 1.798082
-1.411706 1.706351 0.000000 -0.967022 -0.163457 1.920130 -0.029528 -0.684994 0.000000 0.000000 -1.696547 -1.484481 -1.487817 -1.392389 -1.444691 0.563499 -1.272480 0.000000 1.587154 -0.104153 0.000000 -1.310721 -1.230844 -1.836526 -1.324260 -0.885639 0.000000 -1.645190 -1.517457 0.000000 -1.174665 -0.542921 0.013669 0.761579 0.000000 1.197642 0.511602 -1.672964 0.000000 1.683490 -1.755688 -0.892489 0.000000 0.993039 -1.261916 -1.162603 -0.518112 -0.061908 0.473019 0.000000 -0.149861 0.989884 -1.853267 0.000000 0.000000 1.580827 0.046710 0.128454 0.000000 -0.210351 0.130469 0.000000 0.000000 -0.490863
-1.919715 -0.711683 -1.154208 -0.690011 0.000000 1.562109 0.374370 0.716409 1.156685 -0.006231 -1.652319 0.148426 0.347364 0.981758 0.000000 0.000000 -0.864896 -0.547671 0.000000 0.283113 0.000000 1.946061 0.423099 -1.051093 -1.592870 -1.388563 0.000000 -1.357275 -1.253732 -0.859619 -1.306506 0.000000 -1.679065 0.098046 -0.358413 1.929514 -1.551844 -0.408578 0.000000 0.000000 0.000000 -0.968389 -1.316450 0.674573 0.000000 0.227052 0.286451 -0.880084 1.077972 -1.251825 -0.705283 0.000000 0.030442 0.000000 0.000000 0.000000 -0.845478 0.324953 -1.382549 0.000000 0.130358 -1.792706 -0.653583 -1.462341
-1.746500 1.959841 -0.710585 1.239498 -0.981437 0.726011 1.040911 0.000000 0.000000 0.000000 -0.604527 1.718117 0.000000 1.860108 -1.502811 0.000000 1.753362 -1.275068 0.000000 0.964483 0.297892 1.367315 -1.440910 1.181069 0.000000 0.000000 -1.342937 0.000000 0.000000 0.092262 -0.564678 1.508802 -0.430220 0.000000 -0.243460 0.000000 -0.149281 -0.794489 0.990438 0.010882 -1.071149 1.598298 -0.464435 0.174211 0.000000 0.496952 -1.532408 0.000000 0.510832 -0.660378 -1.442912 1.176101 0.480291 0.133844 1.575570 0.000000 -1.393300 -0.753112 0.000000 0.975785 -1.865870 0.000000 1.049835 1.507063
-0.631673 0.000000 0.000000 1.385809 -1.490045 0.000000 1.189181 0.000000 -1.082994 0.889010 0.880146 0.000000 0.775794 0.000000 -0.992804 -0.617216 0.000000 1.633802 0.333567 -0.396594 -0.151977 0.000000 -1.386594 0.344919 0.023555 0.445817 -1.927559 1.488496 1.728473 0.260533 0.786603 1.689998 0.828955 -1.389844 0.305153 0.000000 0.000000 0.945777 0.000000 1.702274 0.000000 0.000000 0.000000 0.000000 -1.501349 1.683368 1.479585 0.075352 0.365102 -0.403989 -1.780953 -0.659211 1.211414 -1.981472 -0.666003 -0.407325 0.149582 1.679422 -0.614616 -0.612187 0.950005 0.000000 -1.101581 0.000000
-1.436572 -1.294452 0.000000 0.000000 0.000000 -0.550424 0.322353 0.529057 -1.947622 0.654149 -1.287856 1.844281 -1.405349 -0.341504 0.000000 1.987497 0.008780 0.381540 -1.731694 0.000000 0.000000 1.592217 0.000000 -1.237249 -1.853801 0.000000 0.259365 0.000000 1.102110 -0.186845 0.000000 0.000000 -0.396948 0.238561 0.000000 -1.272287 1.447142 1.784462 -0.506763 -0.917021 0.575998 -0.365063 -1.898455 0.000000 0.863889 0.635696 -1.891616 -1.112111 -1.075701 0.687571 -1.921158 -1.583566 0.000000 -1.285821 0.610984 0.000000 -1.602234 -1.027311 0.889068 0.000000 1.320879 -0.411266 0.672341 -1.180063
-0.827409 0.000000 -1.947992 -1.657966 -1.168455 -1.893871 -1.274258 0.332166 -0.314302 1.570687 1.269774 -0.632731 -0.962306 -0.481230 0.361180 -0.927745 0.000000 -0.362353 0.208189 -0.255494 -0.822137 1.793813 1.054423 -1.439547 1.473872 -0.050275 1.578209 0.000000 -0.299146 -1.910123 -0.925291 0.000000 0.533913 0.000000 -1.442576 1.339721 1.937609 0.000000 -1.313283 -0.910771 -1.926437 1.657195 0.000000 0.306066 -0.903779 0.216712 0.000000 1.318967 -1.174315 -1.956017 0.000000 1.600075 0.000000 0.389652 0.402067 0.660147 -1.298515 1.657648 -0.324918 -0.467446 0.075671 -1.812136 -1.334867 0.000000
-1.668805 0.000000 -1.018604 -0.442818 -0.845225 -0.577309 0.876184 -0.811513 0.265619 -0.095798 0.000000 1.747319 0.930288 -1.140238 -1.875267 -0.950944 0.000000 -1.794297 -0.014535 0.387371 -0.663024 1.083649 0.000000 -1.699449 0.912755 0.000000 0.753610 -0.260691 -1.014392 1.276409 0.000000 0.778786 0.000000 0.360923 0.000000 -1.633672 1.669254 -1.452725 1.800949 -0.215977 -1.259468 0.167604 0.000000 0.928900 1.226245 0.635133 0.769106 1.396783 -1.001328 0.000000 0.000000 1.950672 1.776237 0.000000 0.822301 1.700993 -1.277699 0.271781 0.000000 -1.864216 0.789681 -0.810604 1.697585 1.884233
1.777066 -0.103143 1.448171 1.378198 -0.723598 0.000000 0.000000 0.385080 -1.079965 -1.517732 0.000000 0.785155 -0.640500 0.899067 -1.738575 0.000000 0.157965 1.162893 -0.724990 0.503566 1.543911 0.463453 0.000000 -1.902397 1.480395 0.000000 0.000000 0.115749 0.000000 1.195133 1.991736 -0.597153 1.068753 -0.392276 -0.080498 0.000000 1.494708 1.936334 1.073094 0.000000 -0.314572 0.000000 0.000000 -1.558104 -0.581511 0.000000 0.000000 0.000000 -1.831627 0.000000 0.000000 -0.288907 -0.462693 0.718589 -1.126984 0.000000 1.145380 -1.642356 -0.329677 1.516473 1.778928 -0.130394 0.000000 -1.331864
1.964675 -1.073313 1.770927 0.000000 0.430947 0.050754 -1.077321 -1.293888 -1.118055 -1.254247 1.118338 -0.599499 -1.768629 1.876411 1.535144 0.000000 1.979631 -1.304419 -0.415032 1.032954 0.784082 0.000000 1.263332 -1.102238 -1.104730 0.000000 0.371760 0.320345 0.000000 1.509843 -0.937600 0.000000 1.554992 1.822606 1.448510 1.238064 0.000000 0.000000 0.000000 0.000000 -0.509246 -0.960985 0.893680 -0.016497 0.000000 -1.119267 0.733035 0.000000 1.404828 -0.019414 -0.077654 0.369631 1.298724 -0.608763 0.712065 0.262928 -0.931887 1.514520 1.189704 0.633807 1.402327 1.469177 0.000000 1.348053
0.789886 0.720563 0.000000 1.010867 -1.365580 1.523483 1.487374 -1.883011 1.303267 -1.484521 0.000000 0.974033 0.000000 1.271868 0.000000 0.000000 0.000000 0.000000 0.467708 1.924745 0.527254 0.000000 0.000000 0.000000 0.000000 -1.572077 0.000000 0.165066 0.000000 0.000000 0.530488 1.728112 0.000000 0.000000 0.751543 0.000000 0.000000 0.832688 -1.730598 0.328682 -0.616468 0.483662 -1.817032 1.486147 1.893956 0.000000 0.998607 -1.479655 1.033053 -1.901652 -1.911506 0.000000 -0.045427 0.000000 0.733182 0.000000 -0.905493 0.000000 -0.295275 -0.194452 0.000000 1.179238 0.774729 0.000000
-1.670476 0.000000 0.618045 -0.906962 1.803454 -1.395768 -0.270661 0.000000 -0.321091 0.554104 -0.409622 -0.903139 1.935911 -0.362664 1.576397 -1.080182 -1.147581 0.000000 0.606667 -0.525895 1.457433 0.000000 1.872774 -1.257898 1.474493 0.000000 0.000000 1.379133 1.044096 0.504881 -1.475020 0.000000 1.683391 0.000000 1.186149 -0.073911 -1.530767 -1.499257 0.742261 -0.278776 0.000000 -0.033622 -1.743164 0.000000 -0.924026 1.190236 -0.758552 -0.179119 -1.953518 0.000000 0.000000 -0.080245 0.400082 0.000000 0.779928 1.440490 1.119404 0.000000 -0.077972 -1.580279 -1.031820 1.946650 -1.430018 -0.004447
0.000000 0.809860 0.238595 -1.960917 0.000000 0.000000 -1.648534 -0.597492 -1.867188 -1.685686 -0.412307 -1.469137 0.270163 0.757860 1.202347 0.000000 -1.330070 -1.581729 0.545721 0.000000 -1.873655 0.000000 0.000000 0.165185 0.836242 1.483876 0.000000 0.000000 -0.642199 1.259300 -1.679541 1.579267 0.190370 1.269191 -0.190727 0.574311 0.105611 0.926358 -1.673480 -1.758592 0.000000 -1.361821 0.000000 -1.123144 1.903461 -0.652417 -1.271528 1.158794 0.634831 0.000000 0.000000 0.876807 -1.086181 1.985336 0.000000 0.601303 0.000000 0.720913 0.000000 -1.877390 0.000000 -0.149508 1.473090 0.908676
0.970826 -0.298027 -0.616260 -0.515845 1.950598 -1.839563 0.000000 0.314702 0.000000 0.000000 -0.053324 1.493693 1.602807 -0.313116 -0.892689 0.369401 0.000000 0.000000 0.491866 0.000000 0.000000 -1.473729 0.863300 1.636130 -1.281268 -1.049827 0.000000 0.000000 1.417540 -0.030889 -1.011076 0.000000 -0.218779 0.059269 -0.563067 0.371803 -1.345905 -0.435674 1.877649 -0.967466 0.626947 -0.699240 1.093893 -1.476505 0.000000 -0.184842 -1.055798 -1.706013 -1.320968 0.079096 0.000000 1.315533 -0.276450 -1.005143 0.468580 0.827109 -1.331832 0.000000 -1.853314 0.945608 0.655218 -0.101476 1.376682 0.000000
0.341417 1.473085 -1.176635 -1.552322 -0.921002 0.000000 0.124678 1.746423 0.000000 -1.511560 -0.191204 1.735500 -0.735376 0.000000 0.000000 -1.406627 1.946520 1.860475 -1.980240 1.807247 0.556480 1.471673 -0.181041 0.062384 0.000000 0.667457 -1.441395 -1.880106 -0.768280 0.818723 -1.192586 0.000000 0.000000 -1.624397 0.000000 -0.224999 1.472569 -1.291401 0.770504 0.000000 1.778457 0.732992 0.000000 0.471389 1.475620 0.282439 -1.878452 0.000000 0.758107 0.706054 -1.137299 0.635542 -0.424542 0.000000 -1.573628 0.000000 1.997655 -1.807152 1.908697 -0.372368 0.000000 1.129542 0.000000 0.000000
0.000000 -0.383439 -0.691867 0.000000 0.000000 0.000000 1.191255 -0.257667 1.271337 -1.519164 0.177956 -1.976965 -0.701657 -0.534154 0.000000 0.000000 -0.445768 -0.205226 -1.049823 0.000000 0.000000 -1.707216 0.000000 0.672851 0.477961 0.000000 0.000000 1.453335 0.076327 -0.083272 -1.897432 0.000000 -0.479218 -0.404709 0.000000 0.134410 0.431620 1.059533 0.000000 0.872492 1.822095 -1.927070 0.000000 -1.969749 0.589899 1.592122 -1.026071 1.708138 -1.758930 1.737744 -0.593509 -1.594317 -0.056513 -0.972894 -0.860508 -0.770840 0.000000 0.156645 -0.754769 0.441335 0.864603 -0.909504 -0.345804 -1.512456
-1.275403 0.724471 -1.274247 0.100654 0.000000 0.000000 0.269249 0.000000 1.851708 -0.065817 1.223970 0.200906 0.000000 0.532606 1.805613 0.406447 0.000000 1.536826 0.000000 -1.151821 0.000000 0.000000 1.359445 1.600092 -0.586314 -1.052518 1.122102 0.000000 1.290457 -0.305047 0.670200 0.000000 0.495437 -0.192929 0.346434 0.000000 0.947495 0.000000 0.000000 -1.617142 0.000000 0.567886 0.000000 0.186790 -1.072212 -0.436376 0.377905 0.000000 1.951142 -1.454241 0.000000 -0.382725 -0.287202 0.000000 0.769745 0.000000 0.000000 -1.583561 0.897355 0.313548 -0.903357 0.000000 -1.657367 1.576763
-1.232531 -0.706514 -1.093374 -0.580015 -1.722305 0.000000 0.000000 0.000000 -1.065152 0.160048 1.520316 0.603509 0.131831 -0.702665 0.000000 0.000000 1.976557 0.647357 0.231134 0.000000 0.000000 -1.759431 0.000000 0.000000 -1.298788 0.000000 -1.196265 0.143311 0.000000 -0.198516 1.024653 -0.609714 0.659647 0.000000 1.708711 0.000000 -0.402736 -1.390336 1.969934 1.708004 0.000000 0.000000 0.083832 0.494343 -1.643502 0.000000 -1.489146 0.000000 1.128112 0.834979 -1.855358 -0.787487 -0.947550 -0.559454 -1.649429 1.747831 0.215209 -0.777903 -0.412074 -0.211190 0.402377 0.062718 0.000000 -0.012146
1.968632 1.405700 -1.165958 1.722381 -1.534534 0.000000 -0.477507 1.511897 1.472227 1.223702 1.160122 0.000000 -1.676323 -0.388079 0.000000 0.000000 0.000000 1.902441 0.000000 1.289922 -1.469901 1.448058 0.000000 -0.051752 0.425012 1.059239 -1.300645 0.010264 -0.405348 -1.414504 -0.529862 0.000000 0.000000 0.000000 1.852460 0.198118 1.863289 -0.270008 -0.752735 0.024567 -0.241953 -1.577341 0.563305 0.000000 0.000000 0.600804 -1.391901 -1.754601 0.000000 -0.160798 -1.767345 1.979465 -1.768878 0.780141 1.934716 -1.043280 0.000000 0.000000 -0.786899 -1.595817 0.768645 -1.750833 0.037689 1.986787
1.255881 0.460878 -0.774986 0.495583 0.108166 -0.295666 0.000000 1.546417 -0.200861 0.000000 -0.528963 -0.343481 0.000000 0.934458 0.000000 0.000000 -0.335384 -0.074623 0.000000 -0.960747 1.041159 0.000000 0.000000 -1.139193 -1.951517 -1.035194 1.903495 1.206148 1.838307 -0.048584 -1.561055 0.191838 0.000000 0.000000 -1.607670 -0.047035 0.000000 -0.701296 0.949428 -0.095927 -0.496447 -0.422095 -0.162213 1.140066 1.568339 1.821339 1.147614 -0.738372 0.000000 0.000000 -0.981318 1.363486 -1.846295 0.000000 -0.154090 0.548806 0.637416 1.580471 0.546679 0.455734 -1.733392 0.000000 -1.399324 0.949735
0.048888 0.000000 -1.833308 -1.660832 0.000000 -1.711663 -1.714973 -1.951566 1.826006 0.000000 -0.586994 0.000000 -0.601187 1.098614 0.645482 0.000000 -1.303563 -1.606417 0.641211 1.057491 -0.939814 -1.916220 -1.671313 1.871440 0.000000 1.076893 0.498654 -0.472241 -1.177251 0.000000 0.460052 0.000000 0.000000 0.121209 0.000000 1.873955 0.000000 -0.828712 1.919881 0.000000 0.329691 0.992293 1.247079 0.000000 -1.487617 -0.646930 1.712335 -1.101538 -0.511332 -0.271692 -0.242380 0.451758 1.772303 -1.037229 -1.513994 -1.210118 0.000000 0.583243 -0.856373 1.263788 1.445480 1.386057 1.675706 -0.991036
1.020168 -0.157842 1.367994 0.913963 1.105790 0.624647 0.000000 0.180108 0.000000 1.749552 -1.827305 -1.340741 -1.473085 0.903920 1.271141 -1.145955 0.023411 1.362812 0.931206 0.168949 0.361391 0.000000 -0.809806 0.260088 0.755541 0.000000 0.545165 0.000000 -1.359713 0.000000 -1.962674 -1.013285 0.905847 0.000000 0.000000 -0.394023 1.200284 -1.183857 0.000000 0.932285 0.000000 0.000000 -0.578462 1.135167 0.000000 0.000000 0.000000 -1.858755 0.982935 0.000000 0.000000 -0.528237 -0.692274 -1.404448 0.000000 0.000000 1.985337 -0.526762 0.000000 0.888284 0.000000 0.372177 -0.433897 0.000000
0.782473 -1.987127 0.478357 -0.578028 1.176789 -1.628037 0.352809 -0.076108 0.569302 -1.740586 0.000000 0.245938 0.242640 0.413951 0.000000 0.000000 -0.920717 1.300198 0.000000 -1.691767 -1.765796 -0.663047 0.000000 0.000000 1.154460 0.000000 -0.239204 -1.410190 -0.687229 -0.263923 -1.645598 0.000000 0.392901 0.942652 1.993390 0.000000 0.000000 -0.315008 0.544709 1.142606 -1.526655 0.000000 0.000000 -0.464668 0.287489 0.000000 -1.262095 -0.551058 -0.661955 -1.895213 -1.903233 0.000000 -0.907717 0.000000 -0.805098 1.762717 -0.962813 -0.281373 1.490921 0.000000 -1.255594 1.210573 -0.167252 -0.068125
0.000000 -1.677594 0.000000 -0.014155 -0.252597 0.918033 1.062052 -1.364367 0.440901 -1.458584 1.005500 0.627821 1.826458 -1.724168 -1.771781 -0.871252 -0.953177 0.000000 1.625018 -1.001815 -0.912201 1.037593 -0.201041 0.000000 -1.738535 0.000000 -1.865546 -1.749387 1.625750 0.000000 0.129683 -0.355618 -0.610627 0.000000 0.000000 0.655159 1.853578 0.240673 1.747290 -1.790968 -0.324827 -0.959369 0.923284 1.925188 -0.973880 0.616698 -1.207609 0.000000 -0.144270 0.000000 0.434109 -0.601975 0.000000 0.000000 0.000000 -0.996133 1.402464 0.000000 0.093564 -1.540925 1.440559 0.891257 -1.729327 0.831340
